0
0
0
0
0
0
0
0
0
0
0
0
0
0
0
0
0
0
0
0
0
0
0
0
0
0
0
0
0
0
0
0
0
0
0
0
0
0
0
0
0
0
0
0
0
0
0
0
0
0
0
0
0
0
0
0
0
0
0
0
0
0
0
0
0
0
0
0
0
0
0
0
0
0
0
0
0
0
0
0
0
0
0
0
0
0
0
0
0
0
0
0
0
0
0
0
0
0
0
0
0
0
0
-4.77112
6.97423
0.207225
3.406
0.378901
10.3199
-1.14948
13.2143
-13.8429
8.42491
5.99596
5.36311
-2.98528
-3.90058
-0.267195
7.00042
-10.8553
9.77228
-2.22982
-4.05158
3.05786
-5.24206
4.58921
-0.198048
-2.60529
9.38998
-8.19736
4.02214
-9.71398
2.55248
-1.84919
-3.1128
0.283457
1.40338
7.09872
-13.2779
4.38474
-10.0279
-0.849847
6.18303
-7.56251
7.60189
-4.45259
5.53038
-2.57245
0.896659
-5.96272
5.844
3.59713
-6.10368
2.83852
-10.1685
5.62768
-0.256067
1.59928
-9.38528
5.00068
-0.213908
-2.80307
0.299107
1.43644
3.07838
-0.878475
-4.29129
8.17251
-8.41569
1.03444
-7.25436
2.55193
2.02398
1.91746
-8.86959
-5.04885
10.4396
-8.4148
0.729507
-4.24333
5.29661
-0.418889
-6.97365
5.481
-11.1585
0.241293
7.33702
-7.07941
1.22183
2.25023
3.05265
0.716513
0.786821
3.52249
3.86803
-9.02488
-0.1013
-4.51238
5.32504
-4.09398
-6.28717
-1.4695
4.26546
0
0
5.16368
0.475092
8.96973
-3.2209
7.21559
-6.86442
4.30989
-4.93186
7.56997
-2.46703
-13.1024
8.37137
-0.636403
-3.00293
5.36844
-7.98899
9.54949
-3.25878
1.7911
5.22992
-3.13933
-1.40242
-8.50967
4.12754
-0.960511
-0.584261
6.88782
-6.76975
10.103
-4.66988
-1.07417
3.17143
-2.4787
-1.17732
-6.30484
5.29287
2.32556
8.885
7.06249
-4.47714
1.0993
-4.01827
0.733946
5.82296
-1.0494
-1.11689
13.6611
3.17285
2.58168
-5.05871
14.846
-6.32594
2.06525
1.29391
1.52955
-4.95284
-1.14621
1.35958
2.76383
-2.98862
2.66983
-2.37059
-6.18233
-2.53606
-4.03684
5.45966
0.184321
-1.77083
1.4611
-3.59273
5.26123
-9.02976
1.90473
-2.81689
1.36161
-4.0437
-1.66898
-7.25705
-2.75934
10.2691
-2.4432
2.62931
6.84706
-5.73106
1.77775
-4.41178
-3.29287
4.08295
0.0476021
3.48757
-1.93453
-5.99705
11.349
-2.97415
1.39577
-0.289851
7.56536
-2.10157
-3.16803
-1.75517
0
0
-6.07541
6.98421
-14.3116
-2.97819
-5.43475
-4.55514
-3.93484
-0.0863686
-3.77112
15.1948
3.45756
2.50491
2.55706
0.891589
2.46289
-1.34351
4.21525
4.86596
-1.89359
7.36811
-5.84153
9.46961
7.62159
-6.87587
2.10237
3.25231
-3.32971
-2.80557
-0.680315
4.80922
-7.31124
8.08343
-2.41756
3.5884
-5.3851
-1.20011
-10.7168
9.32557
-11.3564
-3.53996
-4.07322
14.0821
-0.671714
-4.99166
-0.154329
8.32919
-11.7669
5.44061
-0.737289
4.92167
-9.01586
10.1873
0.496913
-4.99113
4.51046
-0.816243
6.31309
-3.35075
-1.05769
3.73437
2.16908
6.32956
-5.02119
4.36752
-1.36445
-7.67139
2.91729
9.64869
-15.4797
0.334552
9.22844
-0.431933
-6.60503
1.83674
-1.3113
2.68757
5.71169
-3.84588
0.482467
-3.41126
9.95488
-5.65971
-3.86438
6.0453
-2.8313
-4.30755
-4.8692
3.38857
-7.53914
-4.73481
0.156765
6.67542
-3.2755
6.61769
0.989245
1.14376
-12.4426
-5.94677
5.83141
-4.45865
0
0
7.45888
3.06971
5.57949
-2.88065
-3.78091
3.63047
2.68878
-2.39511
5.83057
-2.91622
-2.61279
-7.31781
3.28176
5.51563
-8.85912
-2.27815
4.45197
1.47353
1.35873
-4.03804
1.97527
-11.298
4.52253
-5.3442
2.42063
-0.66503
-1.53175
3.08703
0.318947
-7.36431
7.77476
2.39814
-3.47466
0.875761
-0.55192
-1.10918
3.80695
-2.55122
-3.72614
10.398
-2.64234
-8.65822
2.70059
2.50668
-11.6938
9.32285
-4.54151
7.15069
0.811339
0.65764
3.58899
5.38635
-3.31803
0.391469
-4.33556
1.57058
-4.86481
12.8593
-9.66511
2.64684
5.11055
-5.75
10.0005
-4.82389
7.10829
-4.15112
1.76408
4.41981
-0.783981
4.84719
-7.80029
-5.43317
10.2543
-14.9008
2.36578
-0.785305
-1.08193
-2.50065
7.97415
-4.3338
-0.067938
7.30271
5.71314
-3.48035
9.85157
-0.183175
-2.14163
3.99386
-4.30771
6.97085
-2.29286
-7.99585
-3.33179
0.128485
2.24057
1.24951
0.746388
5.89999
3.95874
4.60463
0
0
0.538985
2.35163
-0.541493
-5.60068
3.20551
3.4565
-10.0966
4.97291
-1.11059
-0.0470876
0.954643
4.42318
-0.0341673
2.0214
6.57984
3.84623
-2.65596
-2.11613
-0.116541
-3.6149
-1.10929
8.56206
-0.393419
-4.32532
-2.1964
6.98189
-6.4845
0.943251
2.13295
-2.13342
0.0931706
-2.83543
-3.71821
3.79516
2.34426
-0.718976
-0.0185313
-0.621937
1.90781
-6.11329
1.74277
7.10133
-5.71083
-3.34798
8.36711
-4.29885
5.189
-1.21156
4.03344
5.13628
0.176625
-9.73482
1.05497
0.824429
5.06307
-11.1706
6.88477
-7.8617
2.57308
0.352958
-6.43877
4.50463
-0.275926
7.68769
-2.6026
-2.01621
-4.69723
-0.0732684
6.34393
-1.72079
-4.49499
7.8231
-17.5543
6.19368
-4.86859
-1.998
-4.9689
0.864821
-4.26888
3.07084
-5.6521
1.80531
1.88839
1.72159
-5.69121
-3.13123
8.61084
-12.1992
8.35695
0.393882
-4.97953
-2.91004
4.34968
-6.21858
0.226572
-5.47701
2.99802
-3.00636
-3.82494
-0.129031
0
0
6.5803
-4.00915
10.3138
-7.75944
15.3279
-5.99669
1.30786
2.63968
-2.43035
10.8959
-2.37276
3.08082
-3.9833
-2.59613
3.28432
0.588963
4.06703
3.92531
2.89961
2.1178
-1.71608
-6.76101
-13.0497
10.0153
-3.71253
1.92429
6.00435
-2.88335
-4.36768
-4.1451
3.57568
7.1882
4.09146
-6.35941
-4.98056
5.73304
-2.94229
6.231
-4.16169
4.13189
1.95478
-17.7058
-0.184445
0.97212
2.4498
-4.78247
2.29132
-5.32754
-0.541207
2.95905
-0.779118
6.8357
-4.66274
-0.911179
-5.41053
8.72767
-8.11191
1.15546
-0.0106146
2.71076
5.07401
-14.452
15.5518
-7.42804
4.07877
-12.5249
5.18987
-9.91094
-2.53652
2.08147
5.33648
-5.25739
8.51
-3.45869
12.221
-8.03319
7.08113
0.104862
2.66149
2.3206
6.42875
-5.88161
7.54872
-2.50093
13.7405
-2.38713
-7.73518
10.5958
-0.954505
-2.47259
13.1398
-0.857333
3.09545
5.24545
-0.687334
1.83269
0.707369
1.10136
2.0533
-4.18733
0
0
-8.59432
6.38943
-4.25613
2.32893
-0.121461
-3.56716
7.25658
2.5828
-3.50759
-0.0924891
0.67709
-0.39246
8.39907
-8.11032
2.57877
5.60684
1.59086
4.05731
2.90363
-4.80641
9.90604
-0.370394
-1.36464
-2.61851
-9.81509
5.15438
-9.99311
-0.665214
1.4151
3.26166
-3.47207
-3.43448
-9.76138
2.02697
-8.24111
2.0845
-2.93907
-5.20832
3.18096
-3.90061
5.94944
2.74192
1.093
-7.36618
0.220028
-6.28836
4.80252
-5.97765
5.65414
3.02127
4.6924
0.318225
-4.76391
6.62763
2.19159
-1.24173
-0.217295
5.22757
0.301973
4.31586
-3.28831
3.05897
-2.23706
-1.00154
4.13246
10.3596
-11.8355
6.08656
-0.778198
-9.54937
2.05846
-3.52392
-3.40942
9.86765
-13.1032
9.53387
-7.14302
5.75667
-4.38863
-0.499064
-0.590536
0.597507
-3.05616
1.87337
-9.72133
-3.75098
3.71456
4.02262
-5.14672
11.4193
-7.97535
4.99291
2.65606
-5.00547
1.42157
8.15532
3.29914
-3.30314
1.99985
11.2248
0
0
4.13499
6.50069
2.96407
-2.2665
6.1834
9.38075
-0.902634
6.80294
-9.71514
7.76044
0.475636
9.24461
-6.93503
8.0115
-13.6284
7.15256
-3.07533
-3.23195
-5.34942
3.17378
-8.99242
2.00145
1.1806
4.11057
-0.38259
-1.49153
3.21055
-0.858979
4.53979
4.14204
-7.06336
1.92018
-0.143459
5.92216
6.51522
-3.10913
0.0576744
1.67105
-0.296921
-2.10842
-5.14608
2.91759
4.917
2.00361
-1.18193
-1.78472
-1.13038
-0.542249
1.98952
-0.995606
8.64187
-2.24774
14.7934
-0.197793
-12.0214
4.20605
-1.71522
-0.334366
-5.43059
-1.41651
8.99395
-9.34518
6.22629
-2.96728
-0.258167
-9.75859
5.2454
-7.22604
6.02068
2.20951
-9.70512
6.81816
-8.94143
-3.23289
4.08435
-4.64342
-1.07123
-0.312874
-0.128536
-3.43669
8.84536
0.826634
-2.83652
1.75711
4.47846
5.3017
-5.50124
-5.51336
-1.6955
-1.58428
4.38839
-8.7087
5.64874
0.92569
-1.06173
-1.53173
6.10151
-4.06196
0.360075
-10.8548
0
0
-6.38056
-2.0544
-8.93895
5.30821
0.748872
-11.4906
2.38106
0.413122
21.6819
-9.41952
6.10366
-6.41516
-4.63547
-0.552015
5.03624
-4.54729
-1.31921
3.41171
-4.10387
3.57985
0.631965
-5.03582
2.26905
2.71568
-3.41819
-10.3865
9.09251
-15.8383
1.81343
-1.18507
6.34656
-8.35768
-2.68957
-9.66615
-7.41706
5.8173
-5.62865
8.35681
2.06803
1.10839
2.46044
-3.23889
2.43507
3.01929
-4.46653
7.99931
-1.92266
6.96223
-3.17656
4.12558
-5.90794
4.5447
-9.13959
-0.893814
3.22363
-7.66174
4.6859
-10.8027
5.14862
-3.04788
-1.77549
-6.93533
-2.6578
1.43228
-0.611225
-4.15058
4.35158
-11.7913
5.01269
-3.685
8.29991
-9.01593
6.27468
-3.71594
-14.1973
7.136
-6.30346
5.95816
5.05919
1.21739
-7.04113
-2.85264
-0.151005
-2.13354
0.489404
-4.50418
4.37123
-0.518801
8.33808
4.11452
-5.75563
6.57605
-2.25966
-6.48238
6.12954
-0.36309
-8.48498
3.14678
7.19106
-0.597696
0
0
-8.97647
-0.438927
5.00362
1.68311
-7.61184
3.52497
-0.706232
-5.71687
-3.61429
-3.17339
4.64367
0.819484
3.20482
-3.24663
6.14703
-2.79694
-4.0083
0.506613
8.06332
-6.56177
12.2969
-8.87233
11.1471
-6.17261
5.2078
0.885545
-7.56372
3.28173
-10.3756
10.9352
-8.89887
6.85865
-1.37284
-1.7736
14.8532
-8.5224
12.7569
-7.6113
8.28208
-6.68677
-9.19301
-3.7777
-1.08385
-7.02992
1.2198
-1.80049
1.07635
-10.4573
1.30858
-1.81853
0.142009
5.82743
-1.0138
0.907651
8.94861
-2.96675
1.19077
-1.17633
2.19301
-3.89363
2.85393
0.199406
0.225289
-0.534189
11.8063
-4.0587
-6.79678
9.34617
-1.26235
-6.56896
5.29893
7.99412
-1.19024
5.65357
-5.34799
-0.700109
4.21589
-3.42347
-1.32676
2.09743
-0.286365
-9.32342
11.7589
-1.1063
-5.10575
4.92594
4.31005
-3.63876
5.11351
-3.23963
4.75577
-0.945228
-10.3929
11.6765
7.47518
-3.23687
-2.69652
0.45139
-5.70202
2.52111
0
0
0.958333
4.78649
2.75067
-0.583299
1.13012
-3.32655
-8.76024
9.0305
-9.51188
5.35487
3.51341
1.21267
-2.31696
-3.3095
0.715832
-2.36764
2.39271
1.95936
1.39167
-1.48518
-0.441804
-4.95375
0.262866
5.39588
-6.87051
9.92336
-4.38217
-1.11903
6.83505
-11.151
0.753394
1.80041
2.89148
2.82231
-0.671006
-5.78095
-4.75016
2.12222
2.5112
-1.26854
3.20199
-0.255426
3.49459
10.1393
-11.0852
5.31958
4.01343
2.4131
-10.759
11.8132
-4.36645
-7.50746
0.0566443
5.73451
-11.2567
10.6308
-5.41324
8.36704
1.17177
2.90353
1.50985
1.06979
-3.45469
-3.66304
-1.43926
4.67082
-0.900586
-4.51008
7.32882
-3.81543
3.58699
0.110351
8.66618
-5.41771
8.09293
2.81729
-9.5422
1.9213
2.85969
-11.7309
1.5461
1.50264
-8.14288
-4.31839
4.20476
-5.90767
-4.77565
4.15314
-2.34031
3.66715
-8.23607
3.80648
11.9427
-9.48901
-2.37314
-0.629236
4.69761
3.1091
3.46419
4.31348
0
0
-0.592021
1.06529
-4.33738
6.16879
9.07523
-5.4162
8.46
4.0528
10.6302
1.32788
-5.2718
2.64536
-5.24674
2.54668
-5.61579
8.376
7.76301
-2.03923
1.58122
2.93575
-7.48408
0.000402451
0.898063
-4.32237
4.15311
0.526545
-6.49278
5.8402
6.17811
2.00451
-2.42905
0.20007
2.25501
-0.924025
-0.284704
2.44241
-0.156794
-5.0001
-1.45525
-2.28814
6.84875
6.07224
-8.86926
-0.00939333
6.93361
-0.243316
-9.23644
10.5343
4.08718
-2.65969
5.70207
-3.54384
4.67129
-9.08269
0.367808
-5.35335
1.61795
2.96943
-10.1141
11.6336
-4.06139
12.924
-5.35965
0.514173
3.646
-8.64782
10.8398
-3.10719
8.07816
-5.43784
14.278
-5.17909
3.23245
7.07325
-4.91406
-3.54891
0.660132
6.77951
1.98023
-4.4575
6.56334
-1.77349
-3.00837
7.88776
-9.89332
5.23297
-3.42844
-6.45513
-0.244657
-10.7723
15.5943
-0.864832
1.4879
4.29406
6.41956
-6.12037
-0.293189
-6.94221
1.99044
-10.8776
0
0
-3.78792
-2.32628
5.12378
-5.05221
-0.774272
1.6583
4.92649
3.31004
-1.53275
4.39087
7.18315
-9.04526
7.11383
-6.97052
6.10253
1.33542
-13.1874
5.11015
-1.06077
8.47353
-2.34152
-12.7808
5.99662
3.39504
-1.70887
0.19373
4.84679
0.260746
0.241286
-3.9831
4.79483
7.05891
-9.69909
-1.8114
-1.36353
8.95623
-10.2487
3.778
-10.5758
3.53429
-9.02924
3.77038
3.21967
-0.0236263
-1.23493
-3.38758
4.01237
-10.0038
-3.70967
3.7494
3.38227
0.747972
-8.34125
9.45235
-6.98128
1.80944
6.88754
-5.8669
8.76933
-1.96625
5.13876
-7.14342
4.24798
1.00829
-2.09075
6.26944
-6.64928
-4.89753
8.95051
0.193137
4.6057
-1.47325
1.49429
-5.62871
5.4636
6.97836
-1.41093
-6.61852
0.624132
-2.11881
1.4832
0.416259
-1.63406
-8.74937
7.32024
-1.64464
6.35446
-8.13565
16.7583
-2.83978
-7.46696
5.11963
0.302289
-3.98165
-0.260063
5.45209
-9.47309
-1.89284
-3.71309
14.249
0
0
1.45162
-0.140398
-2.75547
4.73331
12.1221
-1.40188
0.79268
-4.54851
0.725492
-7.5281
6.34425
-10.1181
8.79057
-2.59007
5.13676
0.447363
2.70139
1.19744
8.34211
-2.59332
13.1313
-3.46426
-2.91007
-4.97612
4.67296
-5.06934
-3.55857
-5.69758
1.54409
11.3375
-4.02322
0.956088
2.90096
-1.44198
6.29799
-14.2146
5.06114
-8.43276
-1.69174
6.20393
3.79396
-5.36689
3.78246
2.79955
3.17813
-10.226
4.78253
-4.1106
-4.00701
-2.98787
2.31059
6.7526
0.270811
-7.42349
0.690733
1.29748
-5.05793
7.88352
-6.13255
3.30233
-6.55667
10.0085
-3.88995
1.7177
2.04719
-2.81595
5.6665
2.11348
-5.76637
-2.27574
-0.953434
-3.09402
-1.17681
-2.11652
7.1449
-4.08263
6.14651
0.0675793
-5.04411
6.74436
2.79991
-1.72953
-2.76628
0.934137
0.0835744
-1.44159
-16.1346
6.33108
-10.1643
-1.01584
-4.56466
7.91473
-5.54923
-10.9493
4.56161
-0.124688
2.19347
-6.15636
-1.41123
2.72664
0
0
11.4414
-2.80779
5.10847
-5.78329
-1.00558
9.96625
-4.09122
-1.16641
-10.9283
6.7889
-8.24771
12.2698
-8.75848
0.272985
9.08954
3.94761
-0.0872515
2.822
-6.85387
13.7543
-4.69922
2.83232
-0.354975
5.46436
-3.24116
12.6728
-7.92258
2.97656
-2.63115
-3.6861
-0.815234
-1.25843
4.01924
-1.45379
8.05343
3.29132
3.62658
-3.04355
4.31154
-5.57181
-1.32092
-5.58414
1.40982
-5.71373
7.83812
5.08869
-3.63488
0.440736
5.01039
-1.77762
0.336797
-7.41423
-2.27141
10.4387
-5.33691
1.73731
8.0659
-5.65127
7.48143
-2.02257
6.63204
-1.94304
7.06456
1.5398
-11.3625
2.60384
-10.2314
0.804374
-5.03565
8.26994
-4.25212
0.391985
9.22071
1.93075
-5.2889
-0.161192
-7.66527
-0.595118
-0.783094
4.40208
0.56666
-0.843426
5.19432
0.478739
-2.58569
-8.04255
14.6025
-13.1688
4.84821
-3.54657
5.32888
-2.69488
-2.36625
4.66119
-4.26452
4.13184
2.51004
0.816969
4.47323
-6.04611
0
0
-2.43625
0.306595
-2.09642
3.94099
5.77357
-22.5761
11.4812
-10.1852
8.23129
-7.26536
2.96281
-2.65818
-2.75033
8.17874
-8.25653
-4.72441
0.820533
-10.1223
8.246
-12.1297
3.01252
-0.958879
5.11297
-13.6309
3.83576
-1.16825
-0.312302
13.48
4.509
0.516284
-0.928543
-0.727456
-6.2152
7.20024
-0.851975
-2.82281
-3.96483
8.32583
-7.61006
5.92423
-1.78512
-3.41448
1.63415
-0.867769
-12.7081
3.83308
-17.8438
14.2704
-1.20083
-7.78118
8.26568
-4.27228
8.58569
-7.78981
8.30637
0.567743
-4.69194
10.6762
-6.95622
1.1213
-8.8701
18.3639
-13.1193
8.83696
6.30095
-6.24171
5.79504
-8.74817
10.8286
-8.33325
4.25849
4.57019
-8.23419
0.12364
2.74787
-3.97254
7.35668
8.45093
-0.638801
-2.5138
1.99768
-5.37675
3.83735
-3.12819
3.55471
-0.0121598
-2.61409
10.8039
-12.1925
7.37153
-7.88096
14.1164
-6.45205
7.41815
-0.547335
-3.14232
-11.4254
-0.464279
-0.739646
-0.0582494
0
0
-13.5595
2.50037
-0.777085
-5.58245
3.34296
0.843323
-9.6689
14.5908
-4.98095
1.0587
-5.83118
3.27622
-2.91484
-4.55536
-6.46638
2.33361
-2.55446
6.01809
-4.34341
4.81575
1.33081
-7.34225
4.51389
3.94463
4.52739
-3.73433
1.51154
-6.31423
-8.4875
-3.61038
4.27237
1.55206
-0.9924
-6.55247
4.97368
1.65474
-0.130144
-3.74297
15.2909
-6.12484
-7.33973
15.1215
-4.85904
-8.49217
10.1548
-1.69078
10.7243
-11.2038
7.18906
6.06255
-9.19114
1.06477
-1.39809
8.03405
1.88294
2.87526
2.22382
-2.29402
5.6613
-2.5027
-0.473877
-0.510908
16.7695
-2.93069
-11.1382
13.4708
-6.61925
4.94417
-3.67899
-11.5017
-2.89175
8.43613
-3.84478
6.91865
-5.75252
-3.16238
-6.03431
4.4034
-0.554074
-6.60648
10.3908
-3.47416
7.27297
-3.57551
-1.02416
5.50944
-2.70287
-3.63076
8.18521
1.82729
0.764159
-7.1332
8.08533
0.788558
-1.65787
-0.0546575
9.78193
2.20293
-2.47309
4.30134
0
0
12.6051
-2.06217
5.02397
-3.368
1.15024
2.86799
-3.5507
-10.5836
3.20187
-5.85378
9.20607
-5.21812
9.1809
1.99397
-1.41941
5.69045
2.89726
-4.97404
6.35422
-3.27484
7.38365
-0.240663
1.16811
-0.617953
1.54774
-0.244473
-2.10055
2.82169
-3.35704
2.44082
-3.05342
3.55488
-4.00176
4.34239
-5.56296
-9.90109
-1.48245
0.419467
-9.90273
-4.14383
7.74123
-1.31118
3.39207
-1.22769
-5.4726
-2.66736
-12.0412
3.1929
-8.29111
2.66166
-0.98585
0.142959
1.94939
-4.44756
9.00066
-1.37534
-1.40168
-4.77458
1.81819
-11.7707
6.03647
-6.1599
-6.61499
8.32773
2.42624
3.07442
-9.15464
1.24078
-3.40403
15.5861
6.87786
-3.06992
2.54066
-9.56085
4.88462
0.477571
3.07387
-2.76843
-4.57451
5.93293
-14.6546
4.33615
-3.67724
8.05642
-4.10111
-2.14453
-4.84088
2.54498
-6.63241
4.57821
-4.91517
3.82326
5.03973
-9.85294
3.06585
-5.91715
-5.98973
8.13667
-3.08198
-4.90091
0
0
-8.67932
-3.43927
2.15739
-5.14032
4.1728
-2.57058
10.2694
-8.2116
6.0177
-4.99926
2.99453
7.26605
-4.58115
-6.62232
8.01914
-5.24583
7.33396
-13.1117
-1.9495
-3.27547
10.0316
-2.4651
-7.23955
6.36918
2.39758
-4.73902
4.06534
2.53292
12.5839
-2.88316
3.2524
0.254885
6.1186
-2.52076
0.38416
-3.40874
0.662846
-1.10068
4.47691
-4.96921
4.18578
-2.07918
-3.32912
6.29246
5.08231
2.47632
1.54289
0.621753
4.3201
-4.29552
6.45834
-4.19238
-4.456
7.34871
-5.70537
3.87943
9.24564
-6.23196
4.85761
-2.53246
-5.23744
-0.497415
6.05106
-4.14258
3.7626
0.690415
-1.33654
3.77914
-1.81239
4.81164
-6.37137
-7.70654
-0.25525
8.26592
-3.17877
-4.23887
0.548454
0.735122
2.20536
1.372
3.68734
-7.56447
1.29724
0.143765
-7.06878
0.806641
6.19658
-2.7499
-5.0141
5.55689
4.70403
-0.583203
-3.12681
5.27987
-9.39263
-0.343816
5.43472
-1.88131
2.6013
3.1715
0
0
5.2234
-10.5553
12.3846
-6.662
4.88218
1.1256
-8.72559
1.89022
-2.92569
-3.25531
2.20913
-1.03559
-3.52939
11.8874
-7.72309
-3.50022
-2.62118
4.31657
2.353
3.47795
-5.52747
2.99907
7.54958
-1.77645
-1.58214
0.240841
12.5412
-2.20885
-0.0704265
6.85019
-16.8316
14.5449
-3.77208
4.30457
5.77994
-6.72025
2.54412
1.01574
4.56531
8.96858
-8.44731
8.47235
4.47336
-4.22599
-6.36449
-2.58371
-2.2594
-1.31732
-3.78626
4.71817
-15.6752
10.219
-10.1169
3.5235
-3.52558
8.12413
-7.79227
4.77001
0.621958
5.26014
10.82
-2.4424
-0.356266
3.14229
-2.97868
-3.82523
3.34355
-1.96671
5.89518
-6.96612
8.10308
8.72058
-4.03588
-7.31409
-2.0959
2.74108
-1.83397
3.08323
10.4365
3.05035
-7.74266
4.15747
-3.64248
0.609375
5.9448
-3.06764
-1.24402
0.923989
-2.28725
1.04523
-7.27123
15.2012
-5.71574
5.12685
7.78393
-2.95106
-0.712644
6.56017
2.35659
-13.7494
0
0
1.87862
3.5858
-8.81948
5.68608
6.09972
-0.456126
-0.534322
-2.34531
0.159507
-4.52658
17.0736
-2.02112
-7.04812
-10.4575
-3.77162
14.818
-6.4193
0.751508
2.75226
-4.51825
2.16831
-7.63189
-2.95721
-2.94767
2.19545
-8.31105
5.33267
4.79154
-3.20154
1.91106
0.516931
-0.971508
6.18876
-2.19305
-5.77841
3.41151
-3.3426
-0.523626
-8.81139
-0.206566
8.55528
-9.66767
-10.9551
5.05437
-10.1591
4.33859
2.7803
1.05805
0.130744
0.184324
9.18362
-7.47789
-1.03071
4.02298
-9.09764
-6.74136
13.4593
4.18572
-10.3988
-2.53691
1.66804
-6.00305
2.14324
-7.02248
5.40266
1.53145
6.71106
-4.72037
4.12347
-2.52104
3.58743
-7.74335
1.0537
12.9201
-5.47173
-1.83237
0.757979
-0.382331
-6.95901
-0.280896
8.64607
-6.69534
1.04111
1.88676
-2.05125
10.8081
-2.4775
-3.15177
-0.447152
-4.65275
6.45752
-5.80231
5.42694
-3.22469
-7.28147
12.198
-7.2039
3.67186
6.03381
1.22488
0
0
0.553657
-5.64484
0.410182
-6.09487
2.2782
3.20075
5.69522
4.17668
-5.61527
1.19617
-8.07153
-0.894529
5.30422
-0.638485
3.08696
-3.36599
1.22279
4.38651
-4.00379
2.54914
-1.30118
0.860641
10.2125
0.912345
-6.92434
9.22291
-2.73675
1.86098
6.44802
-12.9901
10.454
-2.18142
-2.67219
-0.585723
10.9509
-9.05968
-5.81614
4.70887
6.92243
-8.51265
8.3472
1.42634
5.68513
-4.27447
5.16405
1.50561
-2.60699
-1.40652
2.71815
-1.18181
-3.67977
-7.20306
7.59714
0.630706
11.1186
2.89439
-6.65328
-6.83495
6.47001
3.94916
-8.93075
8.4417
5.04935
-10.9924
0.0658227
-4.20119
1.67083
-8.33351
-0.435286
10.2839
0.226131
5.06849
-14.2326
-2.68542
1.65574
-4.61525
-0.145009
3.07377
5.90253
1.83627
-6.88833
7.10874
-6.36532
4.41227
4.81278
-5.35073
2.98512
6.45015
-5.77749
-2.58263
-2.31401
-6.64253
-5.79804
0.814495
-4.45156
-3.97535
6.95918
0.440734
-0.175295
-0.9359
0
0
-7.93398
6.15968
-13.1454
5.36296
-5.65037
-0.927665
2.12772
-10.6463
-0.312087
0.703111
-7.57608
-6.78227
-3.83213
1.12362
-0.862145
0.177931
3.63427
-9.80673
-0.563607
2.82102
-3.32377
9.60927
-5.76729
-0.64876
-1.27541
-1.05306
9.26673
3.98701
2.21694
-2.29585
-6.59348
-3.01396
-4.91941
3.89124
-7.93368
3.81119
-3.58998
4.40307
-6.96889
2.36155
-3.59467
15.5724
-3.02339
3.48151
-6.57981
-0.481213
-0.891472
12.6659
-2.13288
-6.97821
2.95122
-3.33611
1.74519
10.5846
-7.72171
4.07638
2.27452
-2.74656
-1.84429
3.4099
2.88064
0.516928
-2.15762
12.4482
0.885711
0.88566
2.59255
-3.26168
-0.251975
-0.301859
-0.267959
-13.6455
5.82061
-2.05303
-2.60801
10.4072
-0.551057
-2.02096
-7.62412
2.84719
7.79474
-11.7367
15.1723
-12.3596
-1.4455
17.2865
-0.130876
-1.37673
-2.71546
5.69373
0.0924233
9.44748
-5.41535
10.3049
-10.1079
8.01403
-5.94088
7.94903
-4.6677
-0.414731
0
0
8.51948
4.94292
7.93591
-3.72258
4.23926
-8.41307
7.62093
-8.3369
-2.24927
-1.21522
1.82023
7.63669
-8.83217
5.6651
-4.15978
-6.72861
-4.71173
1.08056
2.5379
-5.2213
5.51521
-2.09052
-0.672342
0.499531
3.1321
-2.71248
-6.12091
1.40164
-3.72215
16.514
-7.39208
3.34655
0.523238
6.73536
-5.29676
2.8506
-2.4729
-5.36755
5.33688
0.589402
-15.5391
1.55512
-0.0232531
-6.26476
2.34728
-1.46153
-0.252315
-3.10354
-6.30692
1.96339
-9.81148
11.3592
-6.8758
-0.905119
2.17147
1.22891
-0.107429
-6.48851
0.346592
5.36771
-3.86765
-5.4531
6.30747
1.18699
-0.566492
2.78443
2.1769
-6.11419
7.4255
-11.2478
3.17841
5.22879
-11.0792
15.3752
3.05742
-2.96799
6.52675
5.47209
2.61682
7.05297
-3.66543
1.45167
-6.64274
6.53886
-2.14527
-5.57936
-0.0422261
1.0845
-4.67007
-0.583924
2.19341
-7.7432
-7.52081
4.91837
5.69722
-9.24969
-1.63742
-4.36046
2.34153
1.54566
0
0
0.415375
1.61246
-2.98535
2.71338
-6.49134
10.9946
-0.896671
3.55757
3.4182
-4.17235
-3.13477
-2.79012
-0.44795
-4.97606
16.5818
4.78342
-12.9782
1.72363
-1.48412
2.46846
-4.44248
-9.24652
-3.6303
-3.63461
-4.84124
3.87892
5.54476
-0.522451
-0.435399
4.97161
-0.852683
-3.82889
3.96223
-3.16258
6.01948
-1.23932
5.26476
-0.563762
-2.42924
0.62153
4.08086
-0.74654
-0.596227
3.73687
-7.19887
7.34522
6.14725
2.95873
3.36359
3.47301
11.6304
-9.88103
8.96883
-6.71335
-7.0226
3.16044
-6.96784
0.795045
2.18838
-6.53783
5.14781
-7.47304
13.4301
-2.61226
1.84903
9.05714
-1.508
14.0479
-2.36946
3.70524
-0.421538
-5.24879
3.24787
-4.97943
3.79392
-4.01592
1.4587
-7.25338
1.76609
1.16355
-2.91456
-8.89024
9.21984
-5.0857
2.3592
7.84656
-14.1594
-2.24299
8.39896
-6.07796
10.6409
-6.86352
6.48371
0.654638
-4.41765
7.55539
-5.93807
10.2793
-1.93809
-7.77197
0
0
-0.641013
-8.40372
-3.26069
4.53899
5.85293
-0.732918
2.96811
-1.84906
-0.565882
9.16121
-0.721794
-6.46898
5.42981
1.32723
-13.106
-2.03939
4.12249
-9.8805
6.40326
-0.251858
5.55267
-6.33968
17.015
2.40357
5.25086
-8.15954
1.7831
1.63701
1.8199
0.859762
-1.56622
5.7835
-0.54819
7.60456
-2.6887
1.87921
-7.18316
14.1658
-6.81845
2.21972
1.92729
-4.66228
4.56656
-1.34466
0.292365
2.78427
-2.36345
-1.96631
0.928563
2.04447
-7.53651
5.97381
-0.548791
0.648146
4.85821
2.88287
1.99448
7.27463
-5.05226
1.67403
-12.5936
9.15732
1.72464
2.73969
-6.81139
2.65641
-1.36655
0.965787
2.95674
1.36989
-2.49248
7.75614
-7.44864
3.18646
-11.0023
2.51278
-6.14834
1.27763
-2.87302
6.34656
3.70148
-0.594325
-1.07217
6.46406
-7.19797
7.09923
0.446047
3.37887
-4.73024
8.70503
-8.07606
9.69666
-10.0747
-0.142322
4.33494
-1.78215
1.43444
-2.7485
-5.8152
8.99132
0
0
5.94375
-5.084
2.70169
-4.60128
4.60854
-3.26751
-0.958338
-1.38624
-0.100298
-2.27432
-6.80744
3.67174
-11.1433
11.0236
12.537
4.42809
-15.2581
11.1159
-7.44952
-4.06399
9.29345
-6.82184
3.5207
-0.914574
-5.02659
6.14626
-11.225
0.22418
6.21609
-9.01428
8.56466
-0.897654
7.15839
-0.650031
5.71868
-3.08723
-2.36263
-14.4261
3.46439
7.24763
1.14725
-3.86985
-4.59412
9.40707
1.8376
-0.108064
-1.8738
2.82166
-4.79756
-0.443048
-1.75464
-4.05397
3.63704
-7.65621
-7.16138
-0.861062
-3.80505
-3.52855
3.14777
0.349273
7.04482
-6.34446
3.96891
-2.40484
1.16371
1.63909
0.144938
-4.79789
3.17895
-4.11621
-9.26534
7.05219
-1.16783
-3.34096
10.5587
-13.5353
9.56766
0.74229
8.3617
-8.41555
7.79272
-9.09553
1.54166
0.762347
10.5334
-5.43514
6.406
4.82404
0.05238
-2.8255
-4.45276
-3.64355
4.00955
-8.39764
2.32899
-3.00112
6.21584
-12.4039
5.33475
-4.49346
0
0
-7.5056
8.5727
-1.89372
10.994
-8.75671
3.41
1.01365
-15.7882
6.00267
0.481436
2.49688
-6.33275
0.53057
-9.47353
-0.892716
2.66738
8.80597
-4.69858
1.14473
5.4584
0.05673
-4.92294
-5.75667
7.32355
-4.65681
-1.38625
-1.26454
-1.90723
5.4249
5.73394
-1.9474
-10.2746
-8.24426
0.872981
-7.47338
-2.28484
-5.20356
9.37386
-3.75872
11.5217
-11.3756
13.2378
0.839466
5.70922
-8.73128
-0.817205
4.01549
3.94994
-1.54174
6.09315
5.69716
3.89343
-14.6824
9.78786
8.29051
-12.5086
14.6927
-3.95862
-4.20838
-6.61541
5.64322
2.10493
-3.85201
1.87659
-0.487881
0.717025
5.29661
-1.38449
-11.9215
2.23319
-4.32813
2.96602
-0.57306
3.5468
-0.204474
0.663834
4.14659
-1.06928
-9.77724
10.2756
-6.62879
7.42848
3.90733
2.13711
-0.597382
8.90736
-5.48692
-8.21271
0.442912
4.63841
3.74393
4.08572
-3.11903
8.7589
-7.44423
1.53321
-7.02392
10.5651
2.7533
1.57646
0
0
1.6142
-7.88691
-3.55998
0.24871
1.96087
-2.60219
-1.817
4.74558
-0.57677
5.48129
6.56081
-5.94812
1.36935
4.67301
-3.45447
-2.52926
-1.48162
6.35728
-4.30608
-3.21167
-8.3283
4.03513
1.35958
-4.62802
6.79489
-1.3211
-2.95807
1.28059
-8.94739
4.17219
-4.03234
3.25527
-6.03625
13.6932
-2.28787
10.4498
-4.89435
-6.7189
0.00349975
-2.67409
3.12965
-0.0272708
-1.29578
8.85616
-4.07189
-2.54963
0.0139052
-3.66885
3.83955
-5.80014
7.35848
-12.1037
0.565524
-8.62064
-3.42096
3.29796
-0.0586842
2.23456
-0.159514
7.97033
-5.04085
0.24584
4.339
-7.13562
-4.11303
3.09688
2.43232
-1.63285
6.13834
-7.5746
2.23486
2.20369
3.3391
-0.967069
4.52507
7.93692
5.02209
-5.30345
-4.41041
2.7578
-2.62104
-1.68977
1.10547
4.49584
-0.0453923
-2.28855
-1.06366
2.82647
12.8144
-3.247
-2.9923
0.197904
-7.56015
-7.21673
16.0834
-6.93863
-2.21163
-5.40701
-11.2046
4.61816
0
0
4.71943
0.328176
3.81813
-2.9406
7.58643
-8.85127
-1.25586
1.49309
5.3408
-5.66535
2.804
-5.41856
3.34609
-3.84711
7.35883
-4.94965
5.46411
-0.273605
-2.38126
9.06878
0.321814
-1.91895
-4.68514
4.21857
1.50661
-16.9886
12.4979
-0.69249
8.53604
1.59033
-7.6095
0.43329
6.71797
-9.6513
4.42404
-6.70509
-0.768825
0.610994
4.21737
-2.56316
7.25918
-8.9479
12.2466
-0.553438
14.0744
-11.6383
4.81258
2.82704
-6.93941
4.5493
4.19083
-2.53586
0.631338
-3.88145
8.11195
2.09959
-0.284414
-8.82121
13.6763
-4.16219
9.64693
-16.9927
-3.81531
3.70831
9.72596
-9.66943
0.591483
-0.0592318
-9.62284
0.111555
6.99773
-7.10167
6.8192
-4.31299
-3.33721
2.68613
0.121851
6.02933
-1.55929
-5.68993
11.0347
-2.12988
-4.59054
5.53432
-10.0198
3.42685
1.25202
4.3477
-6.66463
8.54632
5.4996
4.66286
8.70722
5.77452
-11.7654
7.66105
4.94227
-3.88709
10.0313
-2.11684
0
0
-2.34392
-4.53549
-3.0878
1.64693
-11.5692
9.85618
0.525482
-5.23815
-5.9054
10.143
-3.83564
10.0966
2.84874
-4.38197
3.94527
-1.29153
-5.29921
-0.306939
-2.03643
3.04978
-8.75005
-3.44342
4.50864
0.874138
-7.22489
2.98384
2.26642
1.918
-2.5905
-4.26673
1.17577
5.29916
-6.53232
7.92738
-4.44286
-3.22624
6.13954
-4.52872
-6.41412
4.57055
-6.87119
4.96486
-4.41332
-3.02979
-4.28466
6.76004
-9.06049
-2.92738
7.67139
-2.53835
-2.8951
1.15796
-2.8822
2.05681
-18.099
4.09661
-1.11204
5.27502
1.75471
5.08287
-7.4388
3.07769
2.9336
-5.65056
-7.2919
1.81515
1.4442
-7.25752
3.77379
1.88613
-4.09007
5.01239
-11.2379
-1.66569
6.20506
-4.52241
6.83787
-1.6722
2.29257
4.45532
-0.958346
5.36737
-11.8102
12.6181
3.37543
-4.04241
1.10628
-9.04792
2.73791
-1.39488
-5.23348
7.1475
-14.2422
-1.54991
7.34895
-6.10988
7.07762
-1.03531
2.82766
-4.80334
0
0
-3.87179
5.37518
-5.31095
14.8797
-5.87494
0.719142
-7.0658
-6.61113
12.0873
-3.57815
6.99985
-11.4951
12.1498
0.308477
-4.85459
1.60638
-4.91103
0.484994
8.96135
-5.76354
7.2249
-2.6318
-7.11518
-4.306
10.356
-11.6155
2.79821
-5.67828
2.01158
-4.50324
-0.683359
1.87764
2.50167
-8.41735
9.91687
-1.38862
-2.30336
-10.3787
13.4008
-3.96598
0.486826
-0.945015
11.0215
3.56245
-6.19818
0.961382
-1.27821
1.20802
-4.08221
-5.20294
-0.246583
7.07917
-4.78407
0.890405
3.51657
-9.83275
0.335777
-1.61362
0.889036
-10.6667
10.5641
-7.55872
-0.011385
4.22375
7.7923
-3.77981
-1.76987
-3.7075
8.75438
4.31898
-7.12239
0.0955828
4.35966
-8.68373
3.79676
-0.0431037
0.358269
1.41803
-2.20257
8.4437
-1.36926
-1.83109
8.75232
-5.19455
4.81362
-8.60643
10.3197
-6.21118
2.00554
-6.36972
2.93402
-8.11156
5.8065
6.53071
-6.35627
7.94921
-6.90241
3.33268
-3.9065
7.20111
0
0
7.52004
-5.42687
8.7029
-5.20383
9.7472
-7.70021
4.89425
3.48856
-4.19373
4.15474
-12.497
1.38029
-2.35708
0.45083
3.31099
-5.55683
9.28905
-7.7977
0.859395
2.6782
-6.99038
2.25585
9.82131
-0.127358
1.54005
20.3853
-8.15532
-0.401458
-3.4374
7.30246
-2.47298
-0.362373
3.91098
-8.6542
-1.01575
-9.14046
2.92037
0.0693061
-4.95217
-3.19028
2.18548
1.09174
-3.41695
-5.76633
6.17601
1.05389
-7.28508
3.04916
5.47713
-0.460315
4.92849
-8.98922
1.87661
-4.52079
2.60348
3.42365
4.8004
-1.32463
10.7194
-4.00687
4.30778
2.26327
-1.80009
1.99609
0.465214
1.3245
0.497842
7.29347
-17.4956
6.65591
-3.31049
9.17419
-9.5911
-2.06412
4.87627
8.74878
-5.98743
-10.7328
-12.8133
1.71545
5.89547
-0.706913
-7.48856
3.78692
3.62517
6.97074
-3.68884
11.0608
-3.0889
3.83338
6.57597
5.41961
-5.54766
1.71775
8.02933
-6.89517
14.7078
-5.92525
3.15745
2.69369
0
0
3.49601
3.00618
-2.36354
9.17123
-6.8334
3.31673
-1.58249
-3.39547
1.98248
0.256234
6.5183
2.74118
-0.714227
-10.6742
10.444
-1.5746
-2.39759
0.850189
1.08844
0.534453
0.930319
-0.297327
-8.13083
3.65491
-0.555379
-12.1133
4.74825
0.751297
-1.52032
-4.28596
9.47605
-7.18741
0.668981
8.12615
-4.82288
1.72819
3.23688
-3.49262
-0.255666
-10.239
5.44885
8.06422
-1.41017
-1.05955
-7.10328
1.07013
6.34845
3.19669
-7.47317
10.0821
-7.44393
5.66915
1.90828
6.59528
3.98819
1.02101
3.10216
-3.78156
-2.67592
3.37917
-9.2867
12.1553
-0.0689378
-0.37512
-4.20002
4.77737
1.09281
-1.26185
9.69004
-4.55654
1.10965
-2.04342
1.87614
1.93131
0.482268
-6.83323
6.11454
9.46192
5.29576
-2.73831
-7.18613
8.48704
-5.26631
9.36896
-7.31898
-1.37143
-4.53244
-8.61288
-8.35695
0.161371
5.76139
-8.83119
10.3585
-3.15266
0.447074
11.2737
-12.1338
5.64908
-7.8346
6.20198
0
0
-5.64517
-4.7292
3.20267
-13.1914
-2.16431
5.16208
0.371124
-8.63946
-3.07571
0.864724
-10.6951
-2.38729
2.28727
12.8214
-9.45805
2.04646
-1.99469
6.17464
0.414286
7.2653
2.7009
-9.9849
11.5888
-6.81313
3.70023
9.63493
0.0816811
3.50979
-6.30909
8.30745
-7.62145
3.3643
-2.13916
2.0058
-4.02815
10.8446
2.22478
-0.705507
-2.10119
0.0149207
-0.251526
-1.49823
-0.931675
0.512823
1.6244
2.99928
-2.6689
-2.49115
0.445129
-2.23258
0.0130727
4.86629
-6.32918
-2.39033
8.03557
-9.55448
5.90039
-11.9917
-0.304321
4.18668
-2.62903
-11.5298
0.35963
5.01836
2.82618
-2.51396
3.94688
1.18937
8.27006
1.67789
-0.561764
4.77463
-5.20802
-3.21879
1.21637
9.22211
-6.67708
2.48477
-4.07129
6.60911
-2.15715
0.0501621
0.755738
-3.91689
9.14704
-6.00829
-0.0786262
9.60705
0.536028
-0.448522
0.654753
-9.20654
7.84116
-2.36008
-0.0291026
-0.402344
-2.35291
-1.70977
4.2764
-4.89353
0
0
6.76623
4.34726
-1.64446
12.7312
-1.24549
2.46455
-6.3918
14.0401
-6.27249
6.97233
-2.00788
5.99009
1.90443
-6.69039
8.66628
-3.84365
-6.77983
0.632616
4.07292
-1.43706
0.49579
1.17133
-1.10798
-3.68979
4.96961
-0.772428
-7.93844
-1.92976
-1.89538
-4.42704
7.58824
-1.80639
-0.805013
-7.26706
10.0743
-11.1597
4.2311
-6.32589
4.85413
4.13409
-6.58027
12.4395
-2.73095
10.5665
-0.0596434
-6.98626
-5.46073
4.71964
-5.77789
7.41795
-4.34289
0.911309
-4.61059
2.67317
-2.45646
-2.63774
7.86765
5.33718
1.50136
-10.1996
-6.3681
13.9139
-1.31379
1.00325
-3.11225
8.14319
-1.53111
2.27105
1.27241
-3.33619
7.2509
-7.62891
2.44965
1.75375
1.22295
4.22274
3.28191
-3.52977
2.68459
0.202959
4.14287
-0.666059
-8.56886
0.206725
0.212229
3.2515
-1.10371
3.66117
-2.74647
-1.87658
5.72711
4.99134
-0.728955
10.4206
-5.874
6.13667
1.35377
0.0785801
-8.45284
6.673
0
0
-2.82412
-1.68533
3.33355
-13.0851
11.2107
-6.89993
6.702
-3.63441
3.01999
-5.28039
-4.65583
-1.46694
-1.85806
3.14491
-6.75882
-0.690536
6.72667
-1.42315
-2.76625
4.57813
-1.28312
1.01609
3.84263
-1.18908
-5.31019
1.29316
0.372176
-2.68883
-2.24043
9.28324
-6.77772
7.63764
-0.881516
0.101899
-3.12067
3.51471
1.45504
0.251434
6.51736
-2.43787
1.92334
-8.29803
6.79724
-5.50425
-10.8244
9.30798
-6.70699
2.10702
2.55119
-11.4718
4.28031
5.44677
-3.88828
-0.166166
-2.78023
-0.978121
-4.37418
-0.964579
6.20386
16.5062
2.42077
-13.1229
-1.01327
-12.3054
8.13381
-4.8993
2.49935
-3.88501
2.54916
4.15445
-2.64
19.7183
-7.53104
6.49853
1.30849
-5.51927
-5.68393
7.6262
-3.0935
-5.72228
-6.87311
3.10396
-5.73578
3.74277
-0.767608
1.413
9.49986
-9.029
-0.398238
7.61337
-2.63308
7.38426
-5.70463
4.2207
-5.70423
0.916227
7.63353
5.91821
-6.90575
-0.493539
0
0
2.92537
-5.76926
-1.49514
13.4058
-9.49209
8.12501
-7.03046
5.24197
-5.2497
1.47255
1.57836
-9.7534
11.6789
9.36463
-4.22206
4.48118
-9.56276
8.18522
-4.83658
1.91935
-3.11476
0.00969225
0.286386
3.66922
6.07749
-1.17155
-1.34885
5.923
-5.78287
-3.33582
4.07369
-7.77234
-0.939943
-2.49871
5.7178
-2.58294
-1.86727
4.43743
-3.52927
4.85385
-0.73357
4.21856
-1.26622
10.0982
-1.55279
-6.53639
0.367154
-1.17172
-4.22562
6.9987
2.58051
-0.249988
-0.520127
3.96576
4.67197
-2.79995
-3.8933
5.88207
-6.62128
-8.50701
-3.6181
7.68169
-2.75405
16.6118
-6.79983
2.34436
0.0860878
11.6765
-5.60471
10.8731
-1.85282
3.60845
-5.99376
9.46735
-7.81169
-4.26821
5.01373
0.952721
8.62253
5.19093
0.972029
0.33216
4.00438
-8.29385
4.89664
-0.970942
-18.6847
8.91711
-9.78951
10.521
1.07476
-9.01777
1.82778
-4.95877
2.30963
-5.10038
-0.685927
-1.52775
12.5619
-2.8999
0
0
-3.17784
0.2674
-7.4318
-3.28269
2.28845
-4.19074
6.20413
-5.28864
3.50648
3.08295
-5.64294
5.16285
-10.0473
4.60591
-8.85055
8.9213
-4.95474
-9.11391
6.61042
2.57079
-2.32943
-1.2636
-10.5988
4.71228
-6.43586
-0.293708
10.6288
-3.74466
0.919497
-0.490305
1.98278
0.816938
4.92135
-9.715
12.6351
-3.80754
9.33937
-4.10561
12.3399
-6.83719
-2.63852
2.15003
0.494247
2.09891
9.57211
0.954337
8.20904
-5.40967
-4.15202
-3.05808
3.81414
-3.73491
3.08462
5.53747
1.8469
5.42487
-0.245446
-3.38418
9.18942
7.38195
4.28036
-6.16822
-0.723952
-1.12908
6.26431
-4.60272
7.89592
-8.56793
-3.71301
2.01595
1.68815
2.28894
5.89492
4.70373
5.43119
-1.24556
8.18578
-4.11065
-5.69188
-2.40608
-0.339565
-5.20326
8.67903
-6.57768
0.911562
3.50075
-1.75051
-2.24169
1.06991
-6.71123
3.69111
1.7246
-3.92822
3.3284
-7.29584
0.959045
1.03025
-1.81848
-9.70212
7.51958
0
0
-6.91197
-2.35075
2.64843
-4.17541
-6.9185
4.37863
-4.16932
-0.681023
4.76948
-3.2975
0.413499
3.02434
3.73426
-0.0914822
8.28482
-1.82954
2.21855
7.02753
2.38182
1.3874
-2.51431
5.2722
3.37711
-6.07246
8.88187
-7.96473
-7.03321
4.84282
-3.92341
-2.8958
0.327754
-2.9095
-1.39755
4.07531
-7.54567
7.46035
-7.72343
6.87523
-10.7233
3.14258
8.20123
-4.60831
-0.328461
2.49453
0.357066
0.943379
-5.79108
-0.964875
10.2008
5.26467
-11.8284
0.767539
-9.00149
4.51938
-6.3171
-9.86172
0.24907
1.85178
-8.8616
6.29333
-8.95152
2.62486
-3.02714
0.527144
1.46927
3.25141
-10.7505
-1.18083
7.44913
-3.50407
5.11538
0.0318317
-2.32177
-4.85137
-7.53535
12.4721
-8.42679
6.38203
8.49041
-3.80218
9.01089
-2.47008
1.85395
-0.694029
0.803663
-4.31343
1.32878
-9.85088
5.73896
8.59172
-3.15801
-9.61745
10.7268
-5.54349
-4.11305
4.9498
-7.1669
4.94228
2.48262
4.48166
0
0
-1.13548
-7.13834
8.32942
-8.26034
13.6276
-5.67322
3.97832
0.443616
-10.9604
3.0798
-6.59466
2.43758
2.04154
2.35217
5.70667
-3.07188
-1.16928
-3.61294
0.803588
-1.62241
2.08759
-2.47591
1.81343
3.55126
-8.10125
5.83571
-5.05601
8.48368
-5.67969
-1.03494
-5.26506
0.897781
-6.94999
3.99502
5.82686
-6.08639
-3.87889
-5.65419
5.69836
3.20127
0.912
-8.87221
3.70193
-0.908915
-0.51596
6.14292
-11.5206
-1.92194
-6.57181
1.93602
-1.53586
1.39723
13.3086
-6.02019
-2.41696
3.17218
-3.44594
10.2611
5.61011
-3.29168
3.93563
-13.6372
-1.01124
-0.295836
-3.67525
5.14159
-2.00137
2.32797
-4.98946
-0.157654
3.99242
-3.31771
-3.42396
1.36938
-4.32052
4.36657
4.3545
5.21378
-19.1527
8.07625
2.80252
-4.54438
-5.38909
7.74459
-1.28691
4.53364
-6.38615
7.78751
-2.49208
-1.52841
0.248346
3.54518
-2.57506
4.5365
1.829
-11.948
14.3632
-7.48896
4.22096
-0.144511
0
0
-3.34278
5.95443
-9.92111
5.64801
-14.8445
5.07296
-3.41648
-0.377617
7.22566
-7.99817
3.56416
-6.55687
-3.43184
6.53141
-1.66169
10.3762
-4.72528
0.948324
-2.2005
7.19435
-2.1465
-0.986202
-2.75962
-6.2764
-0.12864
-5.53172
4.80524
-4.60806
4.77257
-3.80793
8.54332
-7.49938
5.64237
-9.47455
8.10064
-11.0805
5.45064
9.87537
-0.957431
3.33193
-6.36423
13.1507
1.35189
2.7688
-4.65677
5.11185
-0.445643
5.97483
-13.5261
6.26218
1.82807
5.46138
-1.54689
9.09106
3.65401
-0.815704
-0.412751
-0.790527
0.978444
2.23538
-7.81287
-0.905588
6.57373
-4.57618
-2.00255
9.27752
-1.84891
-0.183509
-0.628263
4.6039
1.5437
-2.48879
6.14429
0.354816
-0.304153
6.40248
-6.68888
-2.40621
8.83711
-8.87002
6.9812
5.52803
0.06712
1.26108
-0.82745
-6.92786
6.93839
-7.12046
-0.868288
-2.26292
0.873555
-3.51531
11.2528
-6.71979
4.08433
2.0084
-9.04771
1.0712
3.53488
1.70983
0
0
1.6671
-4.32965
8.07534
-0.304639
4.53441
-12.7782
-2.31584
15.0267
-5.91488
2.75413
-3.219
11.6155
-1.88562
0.835752
4.96057
-6.8753
9.19834
2.06235
-0.716351
-7.65035
6.32706
-5.54014
8.87557
-2.45791
0.187082
2.90271
-3.69698
3.70725
3.19458
-2.21613
-9.66848
2.01263
-0.828769
1.24195
-7.39283
6.30754
10.0126
-10.415
7.61058
0.450399
-2.85258
-2.32703
6.58416
-0.77449
1.0461
-8.69532
11.9643
0.372101
11.1573
-1.67748
-5.11932
5.16917
-11.006
8.49478
-15.0523
8.89826
-4.35574
4.1576
1.8038
-1.0494
7.72344
2.53273
-1.99517
5.94982
-2.58005
-1.57945
8.25
1.45723
-1.91299
-3.07156
9.58687
-2.8609
0.101651
5.48702
-6.75854
5.70607
-1.24441
4.34214
-3.06226
16.4816
-5.00904
5.01179
-0.97117
-3.93002
1.39361
-6.78611
6.49718
5.51032
-11.9716
7.45503
0.247216
-3.88569
0.254521
6.03959
-5.9464
-3.85488
-3.77746
12.0004
0.451856
-7.68069
0
0
4.99347
-1.5879
1.04325
-1.23364
-4.43944
-0.943016
-1.87971
-4.80793
-2.83129
-2.47184
-3.64389
7.0601
-4.78704
-7.23496
-9.27183
5.18408
-2.25668
0.31728
4.9838
2.86306
-1.15423
2.62383
2.48532
2.49781
7.00016
6.46007
0.0934763
5.14988
-1.82344
12.2498
-7.38426
0.922644
0.857785
-0.952665
1.07568
-6.56528
0.126621
7.98801
-0.496649
-4.57785
10.1127
-8.88238
7.25641
-4.91007
1.82206
2.73789
-2.18579
-13.2667
8.0406
-9.04388
4.01449
0.495712
8.37778
-1.27066
2.192
5.02775
-4.06598
-0.742708
0.84499
1.38882
-7.12691
4.79932
1.29229
-7.74839
1.19327
8.76987
-6.12642
3.5097
-2.01414
3.05328
2.72071
2.48222
5.1254
-6.92276
4.98824
-5.95508
-1.46945
-6.48796
2.22885
-9.88615
3.32037
2.49996
-0.497351
5.49729
-5.69153
6.55713
-2.65985
-5.22247
3.85397
7.1767
2.24381
4.44003
0.364059
-2.2617
1.15113
8.96952
6.97013
-4.28888
5.81349
4.3591
0
0
-0.340279
-6.48374
7.0442
-3.08845
-0.426758
0.0969617
-1.59577
-12.308
-1.36369
2.61628
-5.67512
2.36455
0.89622
-1.57554
3.40584
7.13181
1.58375
3.09579
-6.11449
1.37203
-14.4308
2.26255
-1.7268
1.72
0.7247
-9.21812
-0.518877
-8.67707
10.8098
-9.50053
0.0622346
0.98742
6.815
-2.28382
4.32848
5.83292
-2.5116
3.23835
-0.697326
-0.26458
-1.66668
4.97732
-3.9434
-1.6341
7.30062
0.0969158
1.1687
4.14658
4.88624
-4.65281
2.3862
1.79969
-3.02148
-3.94792
2.14598
-14.9145
5.85935
1.01156
0.566329
2.09711
9.76623
-5.77963
0.810491
11.2743
-3.84653
2.19486
-0.173567
-1.51886
3.37648
-1.93932
-2.86853
-5.56736
1.24365
0.46012
-1.90361
-2.24371
0.65618
1.85281
-4.60705
9.22667
-4.4998
-2.47704
4.12043
-1.33943
6.30027
-3.72825
-0.827024
-8.05617
-0.011565
1.74205
-7.48399
-3.68493
5.46143
-4.01935
5.34742
0.580709
-7.46284
0.444508
-0.857056
-5.52946
0
0
0.0868946
8.2774
0.232804
-0.761502
-1.49422
2.08148
-2.31313
7.47241
0.427834
-3.36447
-2.85344
-1.12503
3.06065
-1.39178
8.04644
-8.65775
5.51053
-0.96874
1.56614
-1.17139
3.19012
0.949662
-7.91499
9.19151
5.45312
9.13749
3.34242
4.46334
-2.38709
3.75884
-2.60302
3.14469
-1.32983
-2.64345
10.3007
-11.9166
-0.396525
-3.81387
0.857208
4.6224
-5.70497
1.16445
0.689059
4.93503
-6.53062
-0.606809
-6.27953
-1.27528
-2.18428
-3.56147
2.31398
8.29746
-0.413833
0.648075
4.93578
6.21693
-9.21234
5.85923
-5.81295
-0.640998
-0.983874
4.7416
-6.11222
-8.17112
4.35701
-0.023762
14.5441
-9.89554
3.93834
-6.54979
2.87131
4.88209
6.77214
-22.4513
7.19044
-10.5543
-3.24568
2.13508
0.0601928
-1.69026
1.23528
2.74148
3.26674
-4.13523
-1.09468
3.96011
-1.15234
7.9471
-5.64019
-4.44299
3.19746
5.9578
2.54915
-2.34743
3.44256
-5.3495
2.62881
-5.50394
3.57236
7.17721
0
0
0.387056
-3.67316
6.13211
-3.17754
6.81449
-4.5098
4.12322
-6.53774
5.85124
3.99838
-3.29191
-1.42841
2.02184
3.64488
3.93015
1.22531
-7.83961
5.42193
-0.956777
5.91724
-6.06098
0.634236
8.19234
1.18861
2.93179
-7.88878
-0.512447
-4.35836
9.9274
-9.38339
12.6216
-5.5873
7.12795
-2.00318
-7.49231
10.6897
-5.69686
2.37812
3.35964
7.90891
-3.98352
5.64049
3.35778
-4.86317
7.00949
-0.0206461
2.32593
0.755821
5.53173
6.54215
2.64611
0.969564
-8.40919
-2.77528
-1.1966
-8.08495
3.83325
-7.18104
10.2444
3.90224
-13.0393
4.05486
-4.3656
7.97206
1.33887
-3.1041
2.3253
7.60505
-2.46556
-6.74662
2.12462
4.73544
-5.85803
21.8973
-2.27671
-1.07092
1.20316
-4.13388
13.6189
-11.3715
8.66981
-13.5376
7.13451
3.48426
-4.61746
0.97097
6.73319
-3.71473
2.07901
4.70266
-1.39531
7.65649
-15.7204
2.42226
-7.31657
4.53631
-6.96316
-0.363783
4.50265
-12.3453
0
0
7.53713
-4.32677
-1.73965
-5.89634
-4.7865
11.8535
-4.45327
8.1823
2.50778
-8.6489
9.9587
-4.86583
4.79488
-4.72378
7.3997
-7.59179
3.03399
-8.83825
9.05762
-8.60382
2.04021
2.4383
-2.53145
-0.196563
1.48108
2.75408
0.0724951
-2.30727
3.29171
-9.36645
1.33495
1.15722
-2.34788
10.231
0.478986
-1.8235
-1.96181
-6.03757
0.67109
5.26872
5.16136
0.307928
-12.4294
12.243
-3.54366
8.12363
-4.39915
-3.38485
-5.57393
-4.08245
5.59758
-1.58778
2.57892
5.71079
-5.25525
7.33713
1.17362
1.19365
5.00542
1.91824
-0.663037
-1.48362
6.08406
-0.892054
-5.90927
3.71542
0.000309944
2.82019
-2.89755
16.0289
-0.354144
-5.16753
7.39465
-4.64934
-0.300907
-5.23475
-4.55634
7.7763
-8.08673
3.05608
-11.3841
5.42552
-2.94397
-3.08178
13.3663
-6.86448
4.73408
3.79722
4.12249
-6.77791
5.00323
-0.170036
5.22137
-4.7128
16.3827
-2.44808
-2.05495
4.67958
-11.2464
3.95133
0
0
0.988303
11.0657
-3.95837
-3.49163
5.50339
-5.01097
1.15851
8.1181
-14.7848
12.0787
-8.36579
10.2058
-1.3058
2.27999
-4.71646
1.10076
-7.84419
8.71251
-6.28972
-2.56503
3.43252
-4.53808
6.47045
0.711119
-2.02694
-2.39926
-3.59625
2.51094
-5.01054
2.11868
9.05535
7.69421
0.704298
1.01694
-3.52993
7.33098
3.44115
-3.35914
4.72967
-3.59599
-4.61398
3.56734
-7.01871
-2.19655
2.88016
-6.12323
3.97101
-1.19964
9.15099
-8.94005
-0.679772
-8.62746
3.29821
-6.2013
-3.43054
3.72074
4.64947
4.53049
-1.31889
2.44311
-7.73025
4.21689
-1.7429
12.0964
-6.97652
1.84998
-1.13414
0.03739
1.57874
0.808623
1.49527
-5.96187
7.92166
-0.182018
-6.13847
-0.746356
2.42182
-6.64083
2.6081
-2.12253
13.7514
-5.73418
3.4352
-1.80885
-9.46032
-0.215068
-3.05349
-1.76399
-2.19686
6.33841
0.78784
6.26652
-6.50639
7.24966
-2.46271
-5.69935
-3.44955
4.00743
5.63368
-10.3774
0
0
3.66892
0.270894
-5.51911
10.2522
-7.83482
1.00744
-2.38425
-8.43104
6.74098
5.52761
-7.69806
10.2489
-7.00002
3.08395
3.52329
3.39621
6.1702
-4.29113
9.45394
-0.307131
-2.02573
8.04683
-4.5656
4.59346
-2.41616
5.29236
3.06348
-1.06738
2.36111
1.32367
-7.08816
-5.5634
9.5486
-4.77345
14.1136
-5.2065
4.34459
9.12592
-17.1959
9.2463
1.60784
-15.4957
4.31688
2.94492
-7.13228
-1.03529
-1.58438
1.53018
-6.77476
4.84759
2.14973
1.87189
3.15567
2.2512
-3.42333
-1.78046
7.78151
-9.85172
6.53606
-1.08444
11.5324
-2.75486
9.87957
-12.6377
10.8633
-2.84125
8.31705
-6.00309
3.12384
5.95019
-10.317
2.97749
2.92826
-3.3401
7.13746
-3.84055
10.5487
-0.711789
0.568516
10.0805
-11.6497
3.82419
3.84351
-2.32699
10.8457
2.41543
-8.06227
3.16809
0.0193717
-4.94816
-5.97225
9.61936
-0.68405
-0.345869
8.41734
-3.17107
2.80437
0.0839642
-2.22129
2.48974
0
0
-4.07478
-4.0523
10.6381
-5.01394
-3.38577
9.45426
-7.52475
3.13553
-3.90111
-4.363
9.35125
1.88121
10.0272
1.72332
3.41282
2.90899
-1.51071
6.76701
-6.56063
6.0717
-10.0368
4.72572
6.88666
-4.51959
3.75792
-7.73725
3.38018
-3.74118
9.21388
-11.2802
12.6895
3.10701
2.09883
-5.74815
-4.47415
9.52279
-7.3242
4.24435
8.34352
-9.82111
-9.28959
6.89784
1.66941
3.63187
4.71407
-4.64064
16.4674
-9.43667
12.4424
0.146634
4.37668
3.66315
5.96492
-3.52021
-5.29376
3.69465
3.10723
7.5976
-9.38709
7.67459
-0.252562
4.96658
-13.7744
8.74172
-5.92945
-2.6989
-4.13409
-1.00468
-0.496637
-6.02658
9.35323
-4.55513
-5.98828
-1.40259
0.172215
7.47916
-3.34621
0.990226
1.92843
-3.75154
13.7135
-10.148
-4.49758
6.22669
-16.9281
2.95824
-1.66264
7.96877
4.03628
3.70735
2.45132
3.17373
6.25572
-6.47494
-1.80394
3.24353
-0.87418
-2.73
13.4149
-3.08488
0
0
6.08033
7.43486
-7.77149
1.59487
4.59317
-9.28683
1.97418
-4.96619
6.92509
-6.92678
-10.298
-2.29357
-4.0942
1.21965
1.87444
-2.40296
-3.79925
7.11331
0.4378
6.3573
3.63041
-9.18635
6.30248
4.57219
-0.98639
-13.0706
6.04163
5.02878
-15.7188
3.29546
2.2994
-3.46687
9.09356
-1.05062
1.59561
2.27571
6.01326
-8.81344
-3.3234
5.65635
12.14
-4.66927
3.76691
-8.4669
-2.56914
3.2682
-5.84205
4.84596
-12.9025
-3.47411
6.42317
-3.32185
-5.22724
9.2537
6.4288
1.16201
-1.65497
2.79454
-2.77219
4.1328
-5.41061
-5.88242
11.9793
-6.52851
9.96383
-2.45343
4.8113
-0.944488
2.77227
4.86006
-12.8796
0.591996
5.4804
3.5483
5.08063
2.75777
-5.34203
11.0164
0.502057
2.83615
0.162607
-0.546594
0.475874
-1.81823
10.6226
-1.68099
-1.97179
-0.776778
-15.1391
6.5397
-4.83123
-14.0141
-6.06817
-6.05791
7.38288
2.09634
13.0644
-15.9938
4.47888
-0.655464
0
0
-8.58097
-6.41072
-10.2442
8.70631
-11.1562
10.8441
6.05055
-0.721928
-7.7144
6.56017
3.12547
-8.09214
3.1163
-13.3579
9.57189
3.57863
-6.84668
12.5109
10.0368
-3.94775
-6.29704
11.6
-0.26655
6.80643
-6.42682
1.26488
-0.439431
-5.06339
4.35314
4.84379
-15.2405
8.83203
-2.38375
-1.39309
-0.572843
-6.05273
8.78358
0.4705
2.88386
-2.62087
1.18772
2.08726
-0.447886
4.88285
4.09527
-6.94875
8.66301
-5.14626
6.74187
10.4415
-7.17644
3.90423
-2.61837
-4.4433
-3.98108
8.67486
2.06072
-1.58234
-1.3137
1.27435
-3.1306
7.30165
-2.71586
7.60792
-4.85946
8.67199
-9.82849
0.642221
-14.2639
1.17072
7.97598
-6.15652
0.435718
-3.42969
5.28022
0.262346
5.21952
-8.63638
7.47131
-9.08509
4.91125
-7.03033
5.47541
-0.743564
3.60057
-6.70276
8.11568
0.013515
13.075
-6.31404
3.83918
4.00751
0.0746109
-0.968146
-8.78689
0.365636
-12.1388
5.80465
-16.1845
0.652016
0
0
8.90217
-4.4487
9.78312
-4.02331
1.87774
-1.82347
-6.98368
4.64733
5.22612
-0.768467
-3.85777
9.74816
-6.89724
2.892
-4.51986
-0.909734
9.36735
-4.63664
-2.35511
0.889925
-1.6699
-1.8046
-2.18148
-8.05149
2.34583
-8.11137
-3.81347
11.9534
8.96226
-2.40584
8.58251
3.15617
-6.2101
3.79562
1.06065
4.45808
-11.4491
3.09233
-4.28261
0.395727
9.54783
3.19528
-9.82521
4.07042
-6.15183
9.85356
-3.04466
-1.5363
-6.87016
-2.59259
-2.34487
-6.5048
6.18366
-4.40116
3.36047
0.49816
0.995589
-3.89395
2.1878
-5.09558
1.72795
2.32924
5.70014
-5.11524
5.20091
-0.122906
-3.73587
8.82373
9.81845
-3.99259
3.11309
-0.166924
4.21884
-1.54942
-2.23291
0.448543
1.20899
-6.44169
-0.993565
5.68936
-0.970395
2.14629
2.0241
4.25564
-15.1589
6.95035
-9.93832
12.7377
-4.10033
8.18277
-7.36106
11.3634
-4.08584
-0.509015
3.26445
3.3521
-4.5061
4.80283
0.0342105
-1.88225
0
0
-6.78851
11.6871
-14.0655
11.1066
-4.3399
3.7841
-1.88265
-1.46655
-3.83358
-3.7442
10.4559
-6.93505
9.03967
8.04759
1.62317
10.624
-9.35613
6.8021
-13.1944
10.6847
-5.04395
3.97659
-3.92893
2.76099
2.2726
-0.832453
0.625465
-8.30432
-1.13577
7.04761
-0.506196
-1.7443
-5.03806
1.5303
-0.613531
2.40514
3.0717
-1.31055
1.92111
3.93102
-2.41651
7.90536
-4.54818
5.75335
1.93212
-7.10934
5.77255
1.43161
-0.129049
6.06653
-1.13918
8.05092
-12.0579
12.0747
-0.227729
-0.208597
-1.3539
10.272
-5.45323
-6.91659
6.70235
-18.6826
0.527911
4.12536
-9.92883
1.54228
4.42637
0.8039
-3.49947
8.89881
-3.93837
-2.44707
2.79617
3.43389
2.96869
6.63433
-6.68168
9.04867
-4.06323
-5.77367
1.75716
-9.22413
5.44239
-4.38916
12.3208
-4.46515
13.4361
-6.18832
-7.84797
5.9396
-1.71972
-3.8932
5.18653
7.15141
-3.79931
-3.6406
0.746699
3.15646
-11.4858
9.71376
0
0
7.11304
-1.54596
2.1053
-2.14124
3.66995
-10.9405
6.155
-3.92151
-1.01861
4.53783
-1.64739
3.86345
-10.4858
-4.56464
-1.17453
-10.1124
-5.45626
7.01619
3.53073
-3.69447
-1.86492
-2.82506
6.87137
-1.58579
-5.6747
7.20384
-6.03797
13.8051
-9.18941
0.0229838
-3.51598
-2.11744
10.0525
-8.53656
0.367851
-8.74533
8.65087
-1.63309
3.41264
-0.0558896
6.77068
-8.40153
6.1761
-5.41139
3.60547
8.4369
-6.90562
-8.02953
7.67498
1.7897
1.58987
-8.31311
2.37597
-3.72698
-0.345115
-6.75031
1.49814
2.24145
-2.18156
5.03704
-3.63264
7.7929
3.32812
-13.7341
6.52306
-11.5206
3.9002
-3.11921
4.98417
-0.135324
1.41346
-1.54881
-8.21569
2.51528
-4.80195
-0.771071
3.04404
-2.71797
-1.10394
7.92108
-6.26164
2.7468
2.04885
2.15851
-5.20242
2.34043
-3.64115
-6.29904
11.2642
-14.113
5.45413
0.905904
-2.58566
-12.9653
5.88774
-4.28716
-0.342149
0.0625862
8.05155
-1.69668
0
0
4.09484
-4.35909
0.855442
8.08477
0.476487
7.09858
-7.77266
-0.426112
-1.3721
-1.4457
2.57825
0.958635
11.5994
-1.2613
-1.86663
5.8883
3.86417
-1.27645
0.467993
-2.17778
0.14898
11.4803
-1.44926
-1.20695
7.10781
-4.04028
5.00156
-4.16358
1.80255
-4.22644
12.1774
-3.58829
-8.71169
11.4525
-4.91079
7.53824
-8.04921
-1.84035
4.03891
2.70305
0.156809
-4.87534
-2.79705
2.72368
-11.71
-0.0670328
-2.27928
-4.95639
2.96866
-10.5402
-2.91779
-2.1366
5.42111
-2.35463
0.842252
3.14239
-2.06032
-2.69017
1.96481
4.49174
9.6322
-6.81249
6.18364
-5.38452
-15.5649
9.58158
-9.90656
8.29866
-5.05395
3.21076
-2.19406
0.450049
-6.35293
-1.5276
-3.71195
-3.94292
3.52086
2.08184
-0.803083
4.27363
-5.32923
-0.548014
-6.20909
1.76973
-0.304256
-6.18289
4.84211
2.55752
0.877731
6.93889
-0.241859
-1.11468
-0.966098
9.66985
-10.9941
2.2774
1.57908
-4.24137
-6.88876
-2.80968
0
0
-12.2385
12.7706
-4.83159
1.33613
-0.138391
4.71265
-4.59288
7.2612
-1.03785
1.93776
-0.314515
2.46236
-5.47068
9.69853
-0.432936
-10.2087
6.23493
-7.61403
1.9911
6.58081
-0.605946
-1.32414
5.09665
-1.65526
-1.5012
0.0995789
-15.0001
9.10161
-2.7303
-1.21875
-6.56824
4.478
-14.1426
0.573122
-4.05079
-4.18038
5.65502
0.184419
-5.81838
-4.33399
2.08236
0.72648
-0.200766
-3.1484
9.90366
-1.50464
2.8653
-3.55915
6.69843
2.09423
4.14147
-1.78793
-1.98883
7.02831
2.44109
-5.68303
6.5363
2.78783
0.557153
-1.23406
5.92709
-2.32196
-2.60289
-2.87942
12.9514
-11.7835
9.25838
-3.19776
-5.54763
2.57408
-0.513827
-1.67317
7.76816
-4.36273
-0.607846
2.40537
-3.27448
-1.00176
1.98404
-1.16704
1.82432
-1.34087
7.11129
-0.855539
2.38218
5.90742
-8.94727
3.41504
-1.04519
3.62961
-6.01993
9.60119
-6.50128
1.84614
12.2577
-6.58349
1.48207
2.1772
-1.51679
1.31052
0
0
3.39575
-0.258011
-1.42236
-1.29867
6.55835
-3.52835
16.4311
-0.7219
-6.48689
3.52054
4.0356
-7.76498
-2.92434
-1.23174
0.769016
4.51639
1.3715
3.41128
-1.54673
-2.3896
-9.25338
-4.4989
1.26342
7.09711
2.3516
-2.95881
14.1929
-7.78943
11.537
4.20267
2.20506
1.70009
4.70083
-10.3251
3.37247
-1.26529
1.14592
7.43105
12.865
0.800682
-8.73332
0.433183
0.276948
6.9659
2.36734
-3.60973
-6.77617
14.3521
-6.01816
-8.0195
6.16533
-2.71904
-2.95594
-6.61947
3.09336
2.99229
-6.85304
-2.14937
3.52635
-3.91378
0.849059
-2.56654
5.4397
-11.0067
0.844338
0.465278
-3.55585
0.902735
4.65335
-5.48272
3.14615
-5.48682
3.81443
-5.18095
12.8419
-6.31804
2.94699
5.04286
2.99079
-0.987
3.9016
2.36653
-0.812102
-2.53678
2.21114
-7.14096
5.95023
-6.50789
1.86356
-0.997934
-1.00444
1.31188
-2.6383
0.293874
0.206575
3.38797
2.43525
-7.41691
-2.58018
2.45652
0
0
0.528251
1.04479
6.08177
3.02945
-3.52457
-0.722407
-2.6201
-7.20583
9.89718
-2.51553
3.83547
4.85361
3.35397
-1.47215
6.86964
-5.18714
-1.90871
-3.59967
5.4557
-2.21473
6.27758
9.69674
-2.05982
2.30455
-4.78397
3.07338
-1.15372
2.80141
-9.21057
-3.80545
-4.93721
-3.68474
6.0752
4.41787
-6.93296
1.8921
-3.58802
-0.458615
-3.70247
-6.67952
7.19322
7.83196
-4.25634
-5.92993
2.97987
-0.815735
7.86387
-10.5086
-2.91593
12.3854
-9.79678
1.15479
3.50875
-4.46083
0.907426
4.77059
4.3309
2.2727
-4.61041
4.0738
-4.53507
1.28993
-12.6155
9.42132
-7.58346
-2.63527
8.11258
-1.30474
-3.01996
7.75415
3.66292
4.56594
-14.0731
5.65233
-9.1617
9.23358
-4.08606
5.54832
1.39199
2.28878
-1.09426
0.948411
7.43239
3.49411
6.26611
-5.71542
-0.152812
8.3417
-2.27214
3.15327
-3.56111
-2.14732
-5.82899
7.87166
-5.59813
-2.16911
-2.22462
3.85544
5.26385
-4.11715
0
0
-2.24004
2.89884
-5.36734
-9.63859
5.71666
-1.02216
0.0650405
-7.8515
-0.473639
-1.11384
0.253126
-4.96224
1.72166
9.13002
-2.219
3.96334
-2.45627
3.30859
-4.90823
2.29252
-5.85813
-3.46174
6.59644
11.3751
6.58222
-14.9877
2.85568
6.06116
-4.21617
2.16053
2.73555
2.92073
-7.07989
6.84145
-0.640849
3.48141
-6.7236
2.93635
1.54394
9.35496
-1.37208
-0.0370706
-0.0945642
3.86613
-3.33653
-2.51651
0.9656
-0.320216
-7.3064
-0.187729
-1.15189
-3.13504
-0.510043
0.692216
8.86744
-7.26813
-6.9124
10.3273
-6.33859
5.31091
-2.32222
1.64774
6.67499
-6.59163
13.887
-3.09584
-5.05204
7.03371
-9.97272
3.41066
-7.80047
3.37421
4.44083
-17.0768
7.00563
1.261
-1.73216
-0.968872
-2.45633
-4.6435
-5.5896
5.63568
-6.05721
8.22203
-3.79231
-0.593308
-8.28228
2.3878
3.532
2.65053
0.0996792
-5.4164
4.13667
-14.6827
9.79911
-0.377278
0.330184
4.59914
-7.51399
4.19542
0
0
1.51456
-7.23365
3.50489
7.54635
-7.21933
-3.52221
-3.29951
4.06275
-10.658
3.82331
-12.7516
2.39574
-1.30993
-1.63432
-3.20735
-8.91291
2.42113
2.88798
-5.93521
-6.20029
4.19962
3.3948
4.85614
-3.60049
-1.73305
10.4791
4.48186
1.1187
-6.38709
-8.11164
-8.23053
6.80412
11.2347
0.532007
0.857545
0.830394
3.54702
-8.59678
-2.41764
0.0418125
1.22256
-2.01132
0.833208
2.50859
2.23534
5.71306
-0.790336
7.83442
-2.03968
5.12165
-6.48283
3.75698
-4.99784
0.748029
-0.9409
-0.57024
11.2387
-5.86435
4.85347
-3.03116
2.27151
-4.5393
-4.85958
4.5507
-1.39943
-1.52988
6.80645
-11.1304
10.0357
-7.0536
10.2595
5.26225
-8.14293
9.83489
1.25511
-3.85606
4.61181
-6.26192
11.3922
5.83376
-2.50819
15.3344
3.0213
-2.54375
0.336832
0.638107
16.2403
-2.57204
-5.86555
-3.06838
3.82319
-3.22061
7.84659
0.0728351
-2.02553
11.5665
-2.93106
-2.0791
8.88848
2.70667
0
0
-5.56842
11.3647
-7.6608
-3.08755
-4.14805
4.17426
-10.2357
3.20744
0.845717
-3.82969
6.14656
-0.9078
3.48063
-4.07118
-0.0161012
5.49865
11.6781
-9.6523
0.666301
3.13447
5.28438
5.34764
1.3168
2.04642
2.47854
-8.75433
8.16574
-5.44124
18.8735
0.474265
0.509819
4.10521
-9.78041
1.13128
-15.2477
9.17605
-6.07988
4.902
6.62213
-7.2266
-2.02278
4.76444
-4.96401
9.92481
-6.64469
-5.61182
-5.30999
0.969704
-0.792098
3.57069
-9.22695
-2.72796
2.38855
-3.59561
5.47421
-0.74146
-2.88012
0.888309
-14.0339
2.58705
-0.730944
4.32947
-2.05235
-7.00738
1.43497
4.01427
-11.2042
-3.10238
-1.09268
13.3881
-12.4229
12.5455
7.18248
-2.95076
-9.11904
6.35999
-1.90095
6.7275
-8.75377
-0.0382352
1.68891
-3.1104
-1.09397
12.5906
1.09153
-3.83801
-0.984365
-8.30981
0.974379
7.54699
-1.53477
3.11075
-2.14143
-8.94839
0.983129
-2.97256
3.86718
8.09634
-10.7853
0.558377
0
0
3.57709
-9.37431
0.512238
1.83284
-1.18945
4.59329
5.09929
-5.20452
2.49981
4.71833
-3.54003
4.78392
-14.041
-0.848836
7.45658
-4.79611
-1.15433
1.7525
1.82928
-1.09803
10.1679
-5.28048
17.0666
-5.73144
-6.99552
2.47943
2.22549
5.75929
-7.86173
-0.523919
3.81263
-2.87259
-0.302153
0.16868
6.59996
-9.64448
-0.990279
3.95354
-9.51827
8.65764
-0.83452
-1.86522
4.35939
-11.5435
-3.4887
-1.15487
10.2125
-4.74965
-3.41159
-0.200074
4.64348
-7.18779
-3.1102
4.92871
-8.92036
5.06184
-16.5617
1.00453
1.30538
9.1037
-0.844141
-6.82348
3.32053
5.04753
12.2373
-10.1918
9.19396
6.692
-3.97763
-0.205463
4.19191
-1.62112
0.200829
-0.0553517
4.91951
-5.58703
4.5529
-3.43331
0.662868
-4.84247
3.68489
-2.9692
1.04937
-13.6799
4.44843
-0.979805
-0.752238
-0.330006
8.46221
-15.2283
-1.19983
8.65235
3.38885
0.13337
0.643147
-1.88891
-0.336181
1.65859
11.616
-3.51338
0
0
-3.44558
10.1386
-6.58508
3.74898
4.43603
-2.86793
-2.55123
9.3395
-3.64035
11.2518
-9.29461
7.07033
-2.27151
13.7187
-5.47591
0.142903
-6.67204
1.02877
-8.30559
7.76922
-1.00075
2.94782
-9.77255
2.6623
-12.2241
-0.113181
1.24221
-4.30332
10.2806
-6.60692
2.61117
5.41244
-7.88793
1.65254
1.0309
4.64958
-0.945001
-1.2358
18.8931
-1.11899
3.05477
-0.15479
-4.30488
2.33775
7.17763
2.49503
-3.54593
-0.914536
-4.23247
6.55039
-10.7401
0.213575
-3.3212
-3.87881
2.44043
1.62433
10.2337
4.12434
-0.833997
-0.894958
5.56863
0.178717
-1.11421
-7.36604
4.81454
2.04797
0.257098
-15.5558
7.8436
0.25829
-4.87729
5.15541
-7.38051
4.17363
-4.30019
6.83927
-8.07782
4.72747
0.164142
2.78851
-0.804137
1.92419
3.5622
11.3648
-14.0458
4.62224
-8.74495
-2.79082
-5.87123
2.68224
-1.18574
-3.34806
6.79796
5.54628
3.93953
-3.16814
6.28857
-7.39029
-5.0638
1.89807
0
0
2.23428
-3.91511
8.54231
-3.86835
1.80764
6.43993
4.09479
-6.95678
7.15281
-9.72537
14.5098
-6.01037
5.55929
-5.54337
-5.80179
-3.32065
10.0094
-3.49136
-4.89659
-6.06416
8.77891
3.53661
-3.25601
3.873
4.91762
-6.65754
0.0334808
3.43109
0.524882
9.65256
-5.55079
0.188197
2.87388
-4.405
-0.187094
-3.10431
1.25974
5.03726
-4.14327
-1.96942
-0.750444
3.75873
3.72188
-2.89833
-0.74107
2.72546
-6.75433
9.66847
-8.93661
-7.72496
2.94531
-7.13255
-1.7962
-0.701767
-3.87917
-5.12333
1.14909
-4.66658
5.55393
0.908955
-4.38987
0.172798
7.45922
1.8389
4.23343
1.62822
-8.14154
7.19949
-1.75917
-8.58969
9.32248
4.32332
8.38712
-9.91704
7.27281
-2.11834
-8.61264
4.03199
-11.2658
4.50662
-9.97841
3.94346
1.2783
5.61168
-4.64742
14.0731
3.58773
-8.67302
4.63405
-1.36069
4.28344
6.77581
-6.14165
-5.03979
-1.78805
-0.335846
-3.01589
3.89986
8.70614
3.91924
0
0
-5.27286
-0.151146
3.01506
-9.33515
2.19111
-7.62246
-0.0262791
0.425144
0.558437
4.65233
-2.32731
5.29492
3.45947
5.67037
-1.57221
2.42772
-3.06553
-2.01566
6.18507
-2.20521
-1.74108
1.17135
0.692735
2.13163
-7.6833
-6.01992
6.64267
-0.587889
1.00301
-7.51309
-4.88205
-1.43225
-0.017571
1.05581
-2.01161
1.27053
-5.314
-5.79776
8.98272
-11.8761
7.89293
-4.6796
-2.67112
10.9838
-5.85107
3.17382
1.36851
-12.2562
9.97973
1.44431
-3.90203
3.61361
6.15924
0.359894
-6.90468
1.6784
0.0576267
-2.52934
3.46799
-3.14258
5.06393
-3.81568
-8.59643
0.591805
-4.34801
-3.15317
9.54443
-2.19281
5.4068
-6.70381
2.85127
-5.28311
-1.42367
14.0181
-0.914501
0.910414
8.80051
-1.96622
4.99326
-7.46364
-0.352928
-8.7013
-3.79173
-0.179706
6.60948
-5.07095
5.31709
2.21525
-4.94195
-0.36532
2.38863
-4.56518
7.94417
-6.54786
5.09872
-0.30367
-4.40423
0.614582
-4.79396
2.3608
0
0
1.91399
4.57275
-2.8825
4.84172
-3.26743
-2.67982
14.0032
-7.16596
13.0407
1.74258
2.60994
1.18357
-0.708215
-0.614544
-1.73056
-3.94817
-1.75435
4.71913
-4.19115
8.60399
-4.43174
7.41305
-7.31627
8.14924
5.47149
1.45037
-0.686491
-13.6214
1.99566
2.11252
3.6284
-6.02429
1.17449
-10.323
4.00313
-9.69813
4.61661
-9.05956
5.47611
6.75083
-10.3527
1.48159
-6.77737
5.99304
1.3424
-0.129384
-3.09384
7.16336
-2.48972
-5.14714
-6.65856
3.82798
-2.95839
-8.30342
6.96885
2.88923
6.55394
8.10432
1.48664
-2.47306
1.26874
8.18041
3.66817
-7.33488
4.6494
5.55633
-5.00913
13.8878
-4.33702
5.0201
-8.6083
5.87938
-0.610347
0.728331
-3.52082
4.87121
-7.04803
7.14761
-7.31301
12.0647
-2.25339
-0.283275
9.34561
-1.00128
-2.66583
0.109152
-2.38562
-5.05858
1.15033
-2.90513
-0.514055
-6.16861
-1.6991
2.47258
-1.71716
-0.791977
3.18931
-5.93064
-6.48364
7.75986
0
0
-0.862372
3.53843
4.64883
-14.4378
6.29254
1.67366
1.92591
0.324601
-2.93812
2.47659
-0.0508332
-12.0164
4.06081
0.411394
-8.64385
-0.026554
2.60099
-6.08697
2.71612
-9.01915
4.61919
-2.07509
4.46585
-5.06357
-2.18733
2.05474
-0.444635
14.022
-3.85634
-0.506661
11.3967
1.62067
15.5361
-1.44235
11.7778
1.42042
1.68991
1.40548
1.10723
-6.4364
9.33006
-2.63622
5.58526
-2.8557
-2.4362
3.16371
-0.156186
-4.79542
-2.31085
-6.58982
3.81348
-2.26456
7.33377
3.09876
-6.83306
6.66389
-12.379
0.00622821
4.73033
-0.357314
3.96848
-8.87428
-5.61748
5.6657
0.394172
-3.45728
7.27256
0.63319
0.195345
3.59065
1.2187
-1.60664
11.6691
-1.04477
2.46172
1.53469
3.03688
-0.487259
2.27417
-7.4177
7.12339
-10.066
-2.87176
11.1571
-3.23737
2.7998
-3.58947
3.7129
2.14605
-5.60019
6.16648
-3.7355
3.62731
-4.82369
-1.45456
8.47086
-14.0957
9.78193
-1.60349
0.670467
0
0
0.951099
0.748678
-0.945476
10.2843
-1.12406
-0.466729
-13.9117
2.42147
10.8108
-0.816781
10.7734
-4.72066
1.32039
6.03585
1.05129
-5.3041
2.47147
9.54173
-3.64509
-3.80867
9.3447
-3.03051
1.13023
-4.78008
6.67446
-7.43892
-4.41054
-1.11705
-5.431
3.11205
-1.71769
0.48071
-6.59005
1.53543
-7.46507
-1.01216
-2.92537
3.49438
2.41652
0.237359
-5.52946
5.03957
2.4087
-4.64906
3.43963
4.99762
-0.887635
-3.07396
4.44631
6.58266
-2.69857
1.42524
1.34067
-3.96189
5.63117
-3.25521
9.8523
-10.0888
-2.54267
0.943955
-8.90594
1.25851
-1.70658
1.39949
-8.98786
1.08122
0.474788
-1.40473
3.10096
2.51961
3.62089
-5.19972
2.64119
-7.05783
3.14432
5.09153
-12.8704
0.0817553
-3.65399
4.09764
-5.08646
1.96774
3.8491
-7.6586
7.20371
5.62343
-12.5829
2.64798
-0.799802
6.32708
-11.7915
2.83233
-2.49627
8.46605
0.507929
-4.42368
4.50826
-3.00851
-4.08754
3.09386
0
0
-2.15355
3.84889
5.85101
-1.35609
-2.45872
-3.57489
-3.47096
3.36905
-6.69051
9.32157
-10.1943
6.68339
-4.30635
-0.543241
6.47518
4.8321
-4.78126
-7.61499
13.2463
-3.08747
-2.40209
19.6676
-1.87645
5.51629
-4.27999
0.650513
0.365652
-2.98588
3.32628
1.11534
8.92675
-4.27679
-0.582804
5.16181
-2.66033
-1.65675
5.43712
-2.99043
8.43238
-9.70554
9.52451
-2.13415
-7.16919
1.31216
1.99615
-3.7454
10.5517
2.09021
-7.36652
7.86772
-12.1525
0.72474
5.40588
-6.28654
-1.27863
8.85623
-2.04962
4.60853
-3.62794
-3.83493
11.3505
-8.77825
5.50298
-0.26887
7.03255
7.10798
-3.04979
-3.92029
2.15424
3.95715
-16.7021
4.79877
-5.86817
6.97547
5.58509
-7.12356
8.60742
-3.03043
-2.24309
-3.14961
0.281129
-0.715064
6.81437
2.14576
-7.64627
0.732626
1.97634
3.60796
-7.23171
3.01683
-10.5138
1.57668
-0.238258
-12.1657
6.50185
-2.01568
-9.88565
2.24415
5.67954
0.208861
0
0
2.97658
-2.04578
-4.71448
4.80951
5.88393
1.73942
3.03143
-1.81986
9.67959
-5.90531
2.81429
-3.40837
-1.0211
2.53363
-5.6783
-9.59879
5.16017
6.94342
-9.5475
-1.65621
12.3353
-4.23205
-3.10388
5.42691
5.8536
-5.97379
9.09526
-5.10781
5.96602
-5.20443
3.08485
11.4986
3.39178
-3.61624
-0.627237
4.36782
-5.37751
10.3835
-4.2304
5.86916
-5.14789
1.77368
-1.30969
7.04444
2.51537
1.50426
-4.58862
2.25234
2.48287
-4.11768
7.16456
-0.154129
8.21016
1.21865
-6.0048
-16.7568
5.4811
-6.2791
7.90289
1.56442
-10.6251
5.69888
-4.51993
0.202621
1.3501
-4.16979
2.83141
7.08694
-1.42129
0.724506
1.87349
-6.08588
-1.50265
-1.4507
-10.0197
5.73659
-8.6911
3.50748
9.0864
1.82569
-1.84967
14.7979
-5.21503
4.06871
-1.15345
6.52958
-0.323218
-1.31766
6.9448
-7.3112
2.53925
-10.6408
1.17954
9.02935
-7.14101
9.01558
8.6095
1.11771
2.86037
-1.33414
0
0
-5.689
-0.310626
-2.2878
4.43667
-2.8776
-7.42892
-6.31748
9.18779
-8.48689
3.04672
-3.67433
7.42577
8.08188
-1.70824
-6.01246
10.2123
-2.01497
-2.93273
6.40948
8.28793
-4.07053
1.04588
6.24677
-4.83354
-0.00621808
-0.514116
-14.6539
7.25718
4.37429
-6.88451
11.224
-16.7627
1.8038
2.37497
2.10556
-0.762606
4.29629
4.76735
8.85653
-6.24575
7.82349
-6.99154
2.51711
1.19658
-3.97867
4.32797
-5.65063
0.543922
1.6493
-0.623336
4.99227
-14.2894
-0.441263
-2.59377
13.6967
10.1727
-2.83445
0.390502
-11.4203
7.30692
3.09741
-10.3827
1.57974
10.0681
-6.80535
3.62518
4.68466
-8.29601
-0.136958
2.00326
-0.927241
2.06667
-2.46576
-2.6327
4.17818
-3.84184
9.89118
-9.16603
-4.42789
-2.63016
-3.50632
-6.96199
12.1506
-4.93483
2.30119
2.40147
-2.72625
-5.43643
-1.09016
-1.87643
1.10949
6.87804
4.54845
-2.58296
2.08654
5.26436
4.28615
-8.14033
10.3969
-5.18445
0
0
-0.297077
1.81745
-1.86885
6.16711
-5.33838
1.30743
6.59153
-5.87383
7.56344
-8.31574
2.92313
3.18453
-2.46016
-2.04491
4.73824
-2.80264
1.20306
-0.267213
2.37298
-0.488947
-5.66741
-0.216208
0.138239
1.49185
-1.50008
0.330442
4.39965
-7.96782
-3.54927
12.3327
-8.06604
8.97145
6.1798
-17.359
6.74668
2.4412
5.02774
-9.89842
-3.58083
-0.147754
-8.4578
2.46211
6.3303
-10.4147
7.96261
-7.14274
7.97433
-2.6456
-7.17513
-5.89046
1.72641
10.1886
-9.77276
1.69993
-12.471
-1.19059
3.34
5.53553
-2.7525
-1.87574
-3.47207
1.32738
-1.30212
-5.23098
10.5907
-5.89693
9.61162
-9.20895
0.648826
8.44269
-7.20713
0.286897
4.72174
0.62379
2.62287
-9.75415
-1.84291
-0.285555
12.1616
-5.55535
12.1696
-7.71697
7.98919
-0.521857
5.54459
-0.182148
-1.40022
4.10243
-2.42108
4.44215
2.15519
-0.924158
7.62036
1.50892
-1.98336
3.67541
-4.59483
6.17397
-6.59544
4.20962
0
0
-1.68261
0.65835
0.368538
-6.43442
0.279639
-1.1096
9.35829
-2.11442
-2.44093
9.99112
-0.821808
5.35629
-2.43977
2.66876
5.04733
-11.0684
2.39593
-7.05776
4.92942
-4.58618
4.54592
3.20641
-3.39702
-2.93275
2.83985
-2.20107
2.12735
4.35075
2.06132
-7.28152
6.28263
-2.53836
4.20173
3.2639
-4.74477
-3.61297
8.49726
-9.54621
3.45067
-0.800014
5.14134
8.92884
-9.48996
9.0291
-4.72926
-0.773132
-1.30548
2.81245
-2.63006
11.0189
-5.39441
-6.16192
8.81818
-6.08748
1.41596
-0.618097
5.01959
-5.12281
-2.20604
5.5442
-8.51835
2.0216
-0.438582
8.96393
-5.74267
-1.02767
-5.86204
-1.69073
-3.66269
0.941458
-0.560983
-0.293931
1.15588
3.08603
-0.862734
8.05859
-5.61399
3.28842
0.236383
-0.942709
4.11397
5.3457
-5.82362
-2.78307
8.14634
0.647602
-3.2017
6.49488
-6.32271
-0.430119
1.46125
-0.802847
-4.29539
-6.16838
7.96356
0.150717
4.31849
1.03604
2.81978
-12.4394
0
0
4.10785
-4.81135
-2.70152
5.06033
1.20465
0.782652
6.08
-6.90624
11.0213
-7.99372
12.2108
-4.35941
-0.79436
-5.77742
-3.25529
17.4985
-8.39183
2.32216
-0.319224
5.35918
4.31852
3.77991
-1.87777
2.92537
-1.09318
1.38908
-1.99732
-4.0837
-1.31981
1.88903
2.52973
0.0292058
-0.952502
-0.758661
-10.6374
5.09982
-1.14183
6.39434
-9.20982
2.0293
-1.87557
-1.88119
1.34489
2.11429
4.53452
1.75746
8.43056
-6.94923
12.8528
-2.52672
-3.73762
-5.42838
5.21422
-0.589074
5.17817
-8.23128
-0.538057
-0.716836
13.9113
-5.94734
7.83546
-4.62688
4.01441
-0.960864
-7.70313
8.7685
1.95117
2.27801
-0.00205921
-0.646186
12.6555
-6.07926
-3.91139
17.9367
-2.47734
-6.42052
1.03826
-13.9474
-0.458045
11.1919
-4.4783
6.92156
-10.753
0.0294097
-13.8222
6.20323
6.42555
-3.70957
8.55138
-4.44986
5.12423
-8.69792
3.96578
7.69247
-12.2236
0.599124
-4.67257
0.843192
-1.81191
2.26305
0
0
1.33504
1.34642
6.44751
2.83403
-2.12502
-4.3801
-0.670088
-0.809158
-2.1251
4.03224
-5.66614
-7.39448
4.82302
8.9504
9.19679
1.81671
3.2028
-6.50897
14.9536
-11.3246
-1.07144
-1.45373
0.671598
-6.8047
-1.20861
-5.53876
1.19599
12.045
1.26688
1.49628
2.86026
-3.63695
-12.0301
0.864676
2.33361
1.61488
-1.65514
-2.61184
-0.359498
1.04314
-3.91636
-4.24875
1.61906
-2.00441
11.698
-9.35167
2.33601
12.5906
-9.99874
-0.0200787
8.84528
-2.40279
2.18519
5.86602
-6.94032
4.74347
3.85337
-3.46761
1.25368
3.61311
-2.71092
-1.71193
0.188021
4.68154
-8.60219
-0.379507
-2.35298
7.09352
4.10666
-4.28622
-6.20501
3.35791
-2.43059
-5.24876
6.88855
4.61434
-1.86998
9.67278
3.84439
-0.790021
0.215126
-5.73268
2.81488
15.5601
-3.60525
0.618065
-5.79602
5.68489
-5.4559
1.83459
-2.82197
6.01915
4.86431
-6.57974
1.53092
8.17778
-3.98128
-5.08241
1.3056
-4.70458
0
0
-6.38443
8.75866
-2.35731
5.16047
6.61969
-4.78935
4.58071
-5.20236
-2.05668
1.37445
-2.94872
6.91456
-3.88035
-9.97315
6.65217
-5.7809
9.94915
-2.8218
-0.414973
-3.29218
-0.105175
6.13733
-3.75485
0.942363
-0.797972
7.0486
-9.47798
-0.530024
4.57171
4.09279
-0.0357649
-1.97661
4.69237
-0.0953419
1.56185
-2.47744
7.20137
4.58273
2.93075
2.40239
14.7296
-6.71689
8.73306
-2.31713
-6.72691
3.38089
3.58311
-1.99998
5.23985
-0.621288
-5.96613
1.42628
-1.9603
13.8115
7.11817
-4.28935
-4.6971
1.56676
-6.49549
2.43219
-3.52266
-2.10452
-3.90406
-5.55212
0.960719
0.733383
8.94753
-6.40284
0.549575
1.98296
10.566
-7.39763
5.99807
-9.12816
0.156554
-1.99587
3.89308
-0.699193
-3.95897
2.37041
-5.65667
-0.13549
3.212
-4.27259
8.49837
1.54463
2.94288
-5.67217
2.51227
1.512
1.34453
12.9404
-7.00395
6.04004
-4.09117
-4.00268
-2.82189
4.01698
-4.66413
0.7547
0
0
3.41996
-8.15823
-0.394001
-12.2414
-2.28019
0.0566892
-1.97979
8.47428
1.60947
-4.14401
-2.88001
6.00442
4.25727
5.27717
-5.28895
8.64708
-9.58336
2.93154
4.7151
-1.68286
4.70633
-1.434
1.56893
-8.68831
4.72629
-3.49748
2.60824
-0.803001
3.68394
-5.92067
-1.42716
-7.13881
-1.50362
-8.4292
7.22557
-1.18506
-1.47665
14.2048
-6.1527
0.459982
-11.5972
13.2979
-1.80401
-2.64801
0.0329987
-7.64357
1.63704
-0.519984
-1.65073
-1.37116
12.0355
-5.20721
1.74742
-3.74848
-0.564924
9.1418
-1.59393
0.416003
9.8864
-4.63527
-1.56025
-0.397681
2.00429
-2.19482
-2.35674
-6.90942
10.3211
-6.64421
-1.5889
-2.04237
-14.6687
11.2893
-4.70611
1.12498
-4.93412
9.93908
-10.4146
6.36926
-5.49075
3.75593
-3.17274
9.5564
-1.63933
4.5685
-14.464
-0.899444
3.30427
2.90302
10.4576
-4.49271
-3.26358
-3.35324
-3.00975
-4.19827
9.91474
-2.48309
9.93091
-5.3969
-0.922001
0.92184
0
0
-6.18714
12.6889
-5.96431
9.84945
-0.519089
13.851
0.00525844
-12.6318
4.08613
-2.41468
4.58154
-8.07049
2.25778
2.50647
-0.45075
7.69515
-6.42585
5.37018
-2.53879
4.45895
2.25745
-3.3376
-10.356
1.77587
5.85924
6.5623
-2.77252
-0.166771
-3.79777
1.8366
13.8763
-6.4567
7.81958
12.1429
-2.00473
14.2504
2.10706
-6.7044
5.36549
3.22763
-5.87763
-6.22982
0.959684
-0.723521
0.0304664
-1.50232
-3.90161
3.65828
-3.31472
-1.83728
-3.3354
1.254
-3.03512
4.61857
-3.18808
-5.99641
0.809712
4.97775
3.285
-10.959
1.81495
-5.00427
0.456692
-5.41832
6.1102
-0.394381
1.89257
5.55951
2.98847
0.147052
8.16128
-3.30544
-3.67545
6.16418
5.66431
4.00738
-2.93337
3.80795
-4.09497
8.06701
-0.801321
0.971249
0.31785
-7.48808
9.38451
3.95979
-10.1924
3.84188
-5.71552
5.04402
10.529
-0.807069
2.33711
2.86021
-6.89192
9.76014
-13.0165
10.3134
15.6516
-5.32091
0
0
-1.20192
0.174399
-1.8754
3.25236
1.307
-9.30866
1.38827
7.42379
7.6936
-8.96331
0.679041
6.27734
6.3946
-9.44895
5.68268
-5.42211
-2.58146
-1.17217
-4.2862
-0.122655
-1.37611
0.534221
1.72956
10.3455
-0.240278
6.98173
2.99403
5.24058
-15.7709
6.56422
-0.153396
3.28703
-5.11915
-2.59667
0.608815
-7.68295
-1.32284
-1.03075
-2.90741
-3.05238
9.52066
-1.10691
-0.697076
4.19022
-1.4259
4.53562
4.39851
-0.84351
4.99768
0.00113654
13.3911
-4.03637
10.2721
-11.2248
14.1047
-7.42099
-1.93754
2.28791
-8.83904
-1.85176
7.79753
-5.37592
-3.29784
8.06378
-1.32274
-2.40219
-8.90609
6.14297
-7.1411
5.73629
-2.58042
-6.87393
7.20403
-1.7105
-1.5732
-8.00733
4.79458
3.80851
6.15831
-5.89146
14.8058
-8.36185
-2.30078
8.27753
1.71594
-12.5477
3.06846
-7.55956
-2.06466
4.16924
-12.6083
9.41098
-9.17957
7.18435
4.13751
-5.65968
5.20733
-1.21781
-12.8829
2.72524
0
0
-6.40302
-3.33313
9.89251
-1.41006
-3.27466
5.48781
-4.67011
2.557
-6.25467
14.5061
0.47974
0.190711
-3.41237
1.23438
-4.10199
14.3919
2.88396
1.72628
12.8816
0.811898
10.0452
1.99352
-5.58409
-10.9731
0.216658
-2.86906
-4.37695
1.71333
3.6746
-2.65696
1.03526
-0.326054
5.54103
0.299481
0.749003
4.65791
2.24171
3.14729
-1.63437
2.98345
-2.44049
4.69032
3.48192
-1.99427
9.55863
-4.32842
-10.3321
7.94754
-4.18371
0.275527
-6.88793
14.02
-3.5617
11.4137
-9.5028
0.504997
-4.8749
1.72598
1.02132
-4.97809
-3.52582
3.83717
-0.185797
3.21632
-13.9845
10.0232
1.7341
-10.4728
0.253888
-0.929524
11.9679
-2.24692
0.165041
-0.666341
0.321338
4.78825
-4.72362
-8.6924
0.347481
1.49484
-4.8719
-1.13262
2.27758
-8.25614
-1.62585
9.62087
-4.80187
7.2777
-8.87107
-16.2987
8.50931
-8.00257
3.15791
-2.45122
1.89876
-2.55452
-5.8749
-2.83316
1.15286
-9.44907
0
0
14.0075
-6.07008
2.59015
-1.93338
4.69652
-0.810896
2.45386
10.6566
3.71681
-2.91111
-8.35529
4.26021
3.80987
-5.51913
-0.783017
-2.43148
6.2112
-0.780188
-10.8168
3.08867
-9.43243
3.92262
2.51504
-1.32176
11.6125
0.698455
2.52798
2.73176
-3.85029
4.58494
-2.82159
6.13514
-10.5142
-2.76331
0.777836
-4.01046
4.64648
-8.37355
3.75527
-1.18253
9.12453
-2.7895
5.11647
-4.45538
-0.930092
-3.0476
-1.85898
-1.23896
4.60086
9.09538
-11.3186
7.87323
-8.10988
-0.580574
6.25611
0.343845
-1.09778
3.99289
-6.70485
1.81936
5.65865
-5.26044
7.02669
-1.80265
3.04422
-5.77759
0.828059
5.1325
-1.12575
11.1148
-9.62959
3.29303
-1.91643
0.504346
-3.58649
-2.65944
1.86882
7.74081
0.0811929
3.12206
3.46866
-4.45323
3.35493
6.35024
2.97801
-1.64868
3.02949
-6.72886
4.3284
-0.0462588
0.409574
-8.4773
5.47253
2.81809
-7.85369
0.350355
-12.8299
-3.25248
6.13029
-4.23313
0
0
-10.2375
1.5756
0.883374
-7.60372
6.58312
-4.84022
6.37745
-7.5128
0.390722
1.99723
3.19591
-2.97663
4.28893
1.57223
-5.66626
-4.09119
-7.4266
7.2765
5.13335
0.161257
3.08208
-1.97524
-2.86942
1.14851
0.93331
4.34426
-7.3999
5.95167
3.58212
3.11604
-2.32981
-0.661854
12.1133
-9.64193
-3.61961
1.75526
-7.56002
-0.517145
-1.98385
-4.27898
-9.42214
2.81799
-7.47327
8.1844
-5.72338
3.53269
-6.30215
-1.67832
1.30667
-4.01572
11.9358
-10.684
8.1054
-10.4267
-3.77839
-3.23189
6.35692
1.26441
-1.06942
-0.287126
-2.64129
-5.4736
2.65492
6.40291
0.0528815
4.6764
-8.45383
6.14212
17.3532
-5.55394
-0.496865
-7.58396
1.10604
-0.876569
6.57022
1.20607
-1.73416
-8.93298
5.87817
-8.91834
11.8621
7.15407
-12.0305
4.00662
1.28049
8.8319
-7.94591
8.35637
0.465879
-1.92884
-0.203034
0.636486
-3.19915
8.82939
-4.5374
0.655264
11.3484
4.04306
-7.05172
2.67957
0
0
-3.59971
-4.16651
2.55788
5.05299
1.06234
-3.98677
1.72281
-3.46276
-2.43696
2.61503
-8.74311
4.06698
0.431468
-5.401
7.03982
7.09881
5.42475
9.35606
-9.3956
-1.86643
2.07393
-0.129463
5.32709
-10.6519
-1.28206
5.22005
-4.92923
-7.77888
0.501775
-1.47558
4.09021
0.48673
0.333016
6.35987
0.00795555
2.78588
0.487399
-5.4505
1.71973
4.52551
10.5443
-4.99494
0.0038693
0.0115951
0.687148
-4.41984
1.05147
8.42322
-2.28635
2.3311
2.55409
-7.76837
-1.1002
9.77828
-3.96843
11.5528
1.70739
-12.2014
3.61649
-1.99645
-5.35887
10.7741
-9.79598
-6.9911
-2.83589
2.54714
4.16819
-10.3541
-7.19708
5.84724
-9.29069
7.93015
-5.06355
-1.85412
-6.08105
-3.24379
-0.0529726
3.22924
-0.782508
3.17816
-10.0592
0.769731
11.7521
-8.73378
5.46271
-9.87831
0.225676
4.05009
-6.68718
-0.703233
4.0684
-5.89398
-1.51617
-1.38333
0.368873
-3.2054
-6.30209
-1.8042
3.89506
2.89225
0
0
-1.57798
7.56154
-1.80323
-4.2585
-6.58109
5.22164
-2.61118
-4.18212
-3.03455
4.6961
2.34495
5.54014
-3.80202
11.6638
-4.06596
-4.05449
4.86149
-14.6737
7.49944
8.40643
0.318869
2.24598
1.73232
-1.48591
5.32462
-4.72637
7.55981
-3.28179
16.6064
1.14315
1.78791
-0.215651
-5.39906
5.93469
-2.92905
-2.02772
-3.07066
0.987993
16.9038
-9.17802
0.638509
-0.354899
-5.02447
5.73347
-0.699943
7.54847
-2.63538
-2.68374
0.133848
-8.38357
-4.03176
4.69948
-2.353
6.90771
0.459389
-3.6445
3.10408
8.73609
-0.978435
-1.16049
-4.16631
0.804844
3.94081
9.39187
1.82503
-6.93081
2.30389
5.24603
8.23101
-6.21929
11.3912
-6.06522
-3.97714
6.29472
-5.23828
1.84629
-6.27501
0.142136
-3.14669
1.35327
8.8397
-3.10542
-8.03821
-1.63785
-3.82824
0.396813
3.68736
-2.65569
7.41736
-8.77695
7.76876
3.67903
-12.0058
2.57918
-2.30464
-3.42392
7.61518
-2.83954
-4.06378
5.26682
0
0
-1.3135
0.278232
-2.88187
10.9016
-1.51901
-0.387352
5.57816
-3.16866
5.14713
0.0425643
-12.0606
10.9283
-3.49672
2.62904
-4.24321
3.21442
7.38045
5.27128
-5.62808
-4.73395
9.91425
-11.051
3.99906
5.77449
-0.936713
-2.18923
13.6013
-8.92416
-8.5407
2.00765
-1.42652
2.16846
-2.91237
1.98156
2.30535
-4.08346
2.49216
-2.06088
-2.78246
-6.3526
1.48732
3.34015
-9.26116
5.84362
-4.84792
1.34911
-3.75455
5.67393
2.70699
-1.90632
9.43384
10.1933
-4.6356
-1.85275
-0.750084
12.6156
-12.7879
9.18864
2.02295
-6.17725
2.96876
-1.43739
-1.92196
6.28353
-11.5395
10.2611
-7.98265
0.354862
-10.3682
7.33963
-6.79998
2.27535
8.92898
-2.79873
-3.46842
6.62196
-2.71339
5.31292
4.02959
5.69285
-8.04882
0.544947
0.578374
-5.33327
-0.144312
9.92505
9.05743
0.00815129
-10.706
4.87295
-0.345494
-10.5797
7.6589
-19.3854
3.67937
-0.0278524
-3.54162
7.05808
-4.31931
-5.15509
0
0
-2.1255
1.2317
4.80545
-3.32267
4.40963
0.173025
-0.537513
5.96183
-0.841394
-4.31169
-0.193989
-12.9597
5.06754
-2.99933
-5.99362
8.75652
-2.21272
6.08609
-1.51143
3.00561
-1.79328
0.862734
-3.36273
3.03691
-0.971945
5.70866
-9.22754
8.06303
-2.9266
14.8016
-1.71672
0.56364
-1.61117
2.42028
-4.10213
1.9413
7.58122
-1.51433
-3.98128
8.1862
1.88079
10.0374
6.55491
-0.253964
-8.37068
1.61827
-2.64446
-1.35871
8.11618
-4.75919
4.52757
-10.3864
5.26227
8.93518
-3.46979
3.4733
3.87774
-3.25132
6.35601
6.82179
4.18651
-9.89441
7.50238
-3.69148
9.46892
-11.3824
12.4497
2.82281
5.04532
-2.84608
-2.26287
-0.0975333
-5.27503
1.17508
-3.17461
3.73838
13.9062
-7.18269
-0.13398
6.55442
1.43918
8.96456
-6.17399
10.34
-4.99082
-5.53005
0.648632
-3.20068
1.17605
-9.52824
6.34107
1.62863
2.24023
9.18667
-3.86381
0.960925
-6.34327
-4.73619
10.3576
0.404764
0
0
5.08974
6.47451
-4.67854
0.0325572
-0.884986
0.995288
10.3401
-0.454746
3.91615
-1.25615
6.21287
0.126277
-4.28945
3.77614
7.75894
0.948997
0.526309
-1.78349
-2.94493
-12.0297
3.50097
0.941837
1.88782
4.95094
-9.03656
6.18564
0.690851
-2.61349
0.86115
-19.1091
15.1777
-0.397875
4.73126
-6.44394
8.51435
-0.475052
-7.05543
5.18614
2.20899
0.302022
3.34365
-10.3324
3.09917
-3.88416
-8.9878
4.44171
-9.04437
-2.77929
1.25131
5.24447
-8.91317
4.16008
-2.83734
-1.49278
7.78574
-7.112
14.7897
-4.35155
2.69088
-5.17208
-4.22305
-2.02681
2.99647
2.75063
6.99816
-2.53004
3.73236
-2.33131
3.73025
-3.11373
6.94684
-2.17033
6.59281
-11.0412
0.154732
-1.97925
-8.96283
5.46796
4.65106
-5.7336
-2.88377
0.110643
1.84219
-7.89788
8.62985
-4.1812
7.00801
-4.04086
9.54685
-6.95411
2.75664
-1.20002
-3.31749
-7.72419
4.583
3.72882
-4.74259
9.02666
-2.82034
5.6759
0
0
3.11673
-6.39649
2.55508
-2.7848
2.171
8.12561
-14.4245
3.52082
-13.372
2.78822
3.39559
1.66458
2.09492
4.61813
1.13935
-11.0483
4.85958
-0.689513
-8.52525
3.1075
0.673303
3.35378
-0.0766314
5.12307
4.38669
-5.69473
-3.68474
3.57349
-7.66607
13.4196
-3.80169
2.60143
-12.098
8.96148
-9.09846
4.42493
2.25115
-5.33543
-6.13233
14.2047
1.23887
0.935771
5.43105
-1.31019
-2.63619
-3.56908
8.7682
-4.41615
-9.68151
-0.222944
7.05617
4.14399
6.54008
-8.33209
-10.5125
0.110502
-14.7609
8.69259
-2.68702
2.37179
-2.17042
5.10887
-2.49926
-8.04685
-2.67581
10.1513
-10.9113
7.63087
-6.42741
0.248139
1.19161
-5.83357
0.175363
4.76793
0.415615
0.932481
1.96646
1.98193
-1.57827
2.68433
1.99269
8.16482
-3.02693
6.76724
-2.39162
-2.247
-5.17955
0.419684
-1.27044
7.31295
-9.543
0.328657
3.98078
-0.174429
0.20562
-9.11393
1.8484
1.40349
-3.96931
4.05134
0
0
-3.34824
2.59708
-8.45685
6.45632
-10.7216
-6.63332
14.3563
-2.41548
4.1641
-2.55329
-5.31882
8.21676
-0.985219
4.51064
-4.23165
4.38079
0.0411843
3.59636
-2.05437
6.85631
-10.8201
4.45472
2.29334
-7.02803
10.2344
0.765023
2.07806
2.34071
8.74073
-10.2882
-6.6449
2.41612
0.239957
3.46916
-0.543575
-2.47978
1.10477
8.53052
-0.56877
-12.8919
11.9984
-5.23048
7.33049
5.24715
3.27569
4.38774
0.981639
4.30782
-0.988734
-6.29327
-8.35095
0.998511
-2.24332
-1.63161
-0.390084
16.9413
-3.67949
-3.60878
3.14421
-8.31383
3.35167
-1.02017
3.89008
5.34393
2.17158
-7.27623
3.27968
1.1033
12.3084
-5.5742
3.66241
-4.06406
5.35237
-16.9162
-3.78222
1.91163
-7.59493
-2.25487
5.13369
4.3772
6.27483
-6.47831
0.410425
0.678477
0.912881
6.8533
-3.40019
0.668206
-9.36997
6.38217
7.35363
-2.71726
-9.72488
7.89153
-1.28622
11.6709
1.94286
-4.1109
1.75218
-7.01256
0
0
0.0855212
-0.182838
6.15539
4.42277
2.78768
-8.45116
1.65725
6.91367
-10.1847
-0.236912
4.28892
-8.37374
-0.549706
3.33415
4.79495
-4.54668
0.806787
-12.0964
7.17643
2.24995
-3.17037
1.7928
-1.40456
8.21944
-10.2416
-0.879468
2.74833
5.36195
-2.53266
4.31099
-1.03068
1.35359
7.27504
-7.14218
2.91299
1.47927
-2.21739
-2.02695
-1.71637
12.7589
-6.72769
-10.3914
0.590467
-13.0155
6.37399
-8.19738
-9.07581
5.59194
4.85984
-5.66814
11.8453
-9.2002
3.80035
5.35044
5.83784
-12.8873
6.73513
-1.09041
2.06793
1.63725
4.23082
-3.65151
-5.75024
-3.18461
-8.85158
2.14119
-2.99022
1.15916
-9.07652
9.94753
-11.8684
2.8517
1.17303
0.422112
7.73216
-2.47837
3.55365
-1.60446
-8.3393
5.68835
-15.7346
1.31193
6.62207
-3.60637
13.0529
-8.3962
11.84
-12.1781
-5.66485
20.7342
-10.3602
1.50367
9.37667
-1.517
0.451722
-13.2097
5.90275
2.8788
1.99214
5.82976
0
0
2.88539
-4.76845
0.588815
-11.2688
4.50092
4.75758
-3.14037
-0.61277
4.55415
-7.74274
7.57258
2.93215
-3.07398
-9.86326
1.5061
5.19546
1.76159
8.04233
-9.64379
10.6699
0.0291534
2.66987
-4.62819
-0.994509
3.85436
3.01551
-6.95723
4.74264
2.4186
-0.382607
7.23852
7.74602
-6.56283
1.51033
-1.08393
2.46366
3.47859
-3.50488
3.6186
-5.56224
7.60555
5.37312
-0.410032
-2.15792
1.45144
-3.88219
12.7018
-12.8947
9.44214
2.12804
-9.35595
6.21357
-9.76778
1.19111
-0.707518
-0.56947
3.1167
-1.88068
-2.99114
5.63156
-5.80183
0.26923
1.56231
-7.56993
1.40768
0.312993
6.53014
-3.06189
10.384
-7.00203
6.67654
-3.17144
-10.0987
17.2319
-12.3801
10.0445
-6.72104
4.03166
2.11821
3.3626
3.68771
-7.28166
-3.22555
6.19467
-0.749764
1.27607
-5.56693
3.52386
-0.548391
3.96625
-7.30678
2.02576
-1.93215
4.36795
-2.3204
9.28768
-8.0416
1.38266
-1.03578
2.98176
0
0
-9.79533
7.01663
-2.2831
8.86239
-1.66968
-6.4343
5.43014
1.37382
0.251745
4.85022
2.88412
-2.44645
2.45392
5.66262
1.16193
-0.35199
-0.835243
-8.31796
9.23684
-4.51414
-4.8327
1.66601
6.7691
-1.2853
-5.55838
-3.0621
3.4704
-2.24122
-3.68856
7.13801
5.85235
-7.71552
8.62198
-2.8175
7.66038
-4.5951
5.22516
-4.11833
2.21908
-7.22279
-6.36352
5.03446
5.04614
-1.86796
8.52699
-1.4564
-3.77236
-2.63476
-5.618
-5.46139
6.03623
-3.47897
-2.72079
-0.880418
6.86461
1.41824
-5.03882
7.31136
-3.58527
6.89077
-4.78235
-2.93576
1.89769
2.48113
-0.571284
0.024619
-2.16753
-9.16968
-7.59159
7.32717
4.36543
5.44632
-0.946599
-4.83172
8.47136
-3.69379
3.7504
-4.37665
-9.24785
-0.704645
4.27225
-4.60404
3.94302
5.13855
1.05965
4.1145
-12.6017
3.57295
-3.67296
-4.68042
8.60112
-3.03936
4.10911
2.37475
7.31207
-3.01577
6.02697
-3.10996
5.12396
-12.147
0
0
-0.204162
1.72537
8.70493
-13.9764
11.0313
2.14682
-5.7961
6.58902
-13.5282
2.40897
-10.2452
-1.92505
-3.01348
1.69163
-3.00139
0.832126
-1.47983
1.74534
-9.25449
10.0553
-0.170566
5.99102
-4.97451
-2.1815
12.8048
-3.17204
6.32516
0.799564
6.08448
-3.5159
-0.327605
12.5377
-4.34751
-2.49456
-2.23659
1.58795
-2.11312
-7.21919
-3.44458
2.0421
2.70109
-12.459
-1.63573
4.32319
-13.7128
7.9434
6.66223
2.14276
-9.65241
13.7366
-5.6583
2.45908
-10.8258
4.87496
-9.89685
5.62481
3.34474
-4.70667
4.03796
-7.04564
8.10082
-7.71342
4.938
-7.9356
0.953839
8.59693
-8.72459
1.2584
3.04226
6.02005
-4.86095
-2.4615
7.03489
-0.714159
3.76695
-2.77575
-1.7082
2.2596
11.6088
-1.7382
-10.4013
3.20307
8.42153
-9.67765
-2.76813
0.464537
1.89075
7.83402
-8.32362
1.06871
-3.82113
6.059
1.0961
-0.346122
-6.54458
-1.44071
-4.448
7.30161
2.15897
6.81296
0
0
11.5738
-6.10736
-5.34209
18.81
-6.62361
12.7177
-3.50584
-4.54691
1.89371
-3.00594
10.1987
-6.77386
12.9296
0.101006
-6.94633
9.28976
-8.33481
-7.70733
6.40262
-8.24469
1.96293
-9.70132
4.5642
0.193461
6.79781
-9.56288
-5.20037
6.67573
-11.0972
-0.343557
-1.7315
0.407653
-5.31982
4.34727
1.26545
5.98746
-8.65972
0.418163
-0.0545853
-0.416958
-2.2462
17.951
-5.80994
-5.60739
7.51197
2.91816
-7.91051
11.8759
-0.309166
-1.42198
-16.7188
5.9025
1.37397
-12.5308
9.0184
1.23878
-8.76976
7.68867
-7.30231
6.04213
-7.37911
2.90182
-4.2838
3.01627
-8.16136
-2.74662
6.64575
-0.947058
0.303571
3.55673
2.60004
-1.63626
1.93252
-0.854058
5.9271
-2.23954
1.16032
-1.61907
-5.08493
2.98316
-6.29033
3.51123
-2.85773
4.25526
-11.5701
5.84853
-3.43889
-8.03217
6.13931
-9.38295
0.1859
-5.48626
6.2067
5.5282
8.09142
-6.87472
2.19438
3.92562
-8.71414
-0.180272
0
0
-3.89116
-1.25777
-1.29881
-5.99369
5.58361
-9.1147
3.03818
-1.02314
2.80327
-2.46239
3.72955
-2.41431
-7.27702
6.54274
-0.73117
-8.29691
9.49881
6.91898
-5.07554
10.3684
-1.02398
0.214196
-1.76557
-0.122841
-7.55378
-0.313772
1.30728
0.91301
-0.541449
3.7024
8.31838
-3.13689
2.30698
-2.40799
3.6587
-7.01631
2.91057
-1.24699
-0.914243
-5.71752
10.1461
-6.54896
13.2732
-2.03297
-1.00962
5.8555
2.90708
-5.05638
6.88927
-5.08287
9.99841
3.53332
-3.32742
4.33011
-2.40174
-2.44182
2.25866
-7.35249
7.81362
-6.10774
6.50494
2.4054
5.45691
2.83479
3.95847
2.91925
3.94642
-1.031
0.0158641
0.334858
1.09984
6.36704
0.183149
8.42647
-8.20059
4.89426
0.390018
-2.75434
10.9197
2.7528
0.614099
0.169963
10.096
-5.2874
6.38338
-4.97348
1.69991
2.82525
-5.18715
0.0655643
-4.85044
4.43164
-0.42611
4.71931
-6.22207
-1.25008
0.245695
-0.636342
-0.463412
2.48853
0
0
10.4275
-3.31381
6.27388
-0.562063
-1.6358
4.52203
-2.90097
3.8985
-3.32983
5.43821
-0.708751
6.74115
1.99131
-2.99924
5.28848
2.91754
-1.63844
-10.6467
4.71713
-5.19332
1.15532
4.20839
2.21877
-2.48022
7.64488
-3.87521
1.20053
-4.03757
7.98164
-3.24751
3.68507
-5.75019
3.83739
-1.91971
1.95322
-3.29149
0.789221
-1.61965
-5.0895
4.92549
-3.35104
2.42169
1.52328
-1.56175
2.74225
-0.0609329
2.24006
-6.42918
-8.73571
7.23238
7.70565
-8.00044
0.22954
-2.65011
10.8819
6.40809
1.92983
1.79839
-1.59209
5.12697
-16.0061
0.875297
4.45756
1.17803
5.24016
-3.10927
-5.30383
15.2183
-4.95101
7.89697
-0.549675
7.5562
-6.39969
1.17506
-4.36748
5.57406
-2.95802
3.80682
2.1021
-2.60591
1.69769
4.98746
-5.11441
3.16082
10.0886
-8.49541
4.74981
3.30694
-2.68287
5.68808
10.3411
-12.5622
5.24585
-14.1022
2.83894
2.00549
-1.59404
3.4349
-8.37694
-2.88399
0
0
4.52228
4.52665
-7.39571
2.84099
2.68235
-2.52315
-2.53843
-5.89921
4.70152
-0.126084
7.434
-0.578037
0.644551
-7.71159
1.03499
-13.6064
4.99039
-0.235218
4.72951
7.12385
-16.3283
-1.57796
-1.45659
3.96521
-1.47317
7.33296
-2.42036
3.55128
-5.24973
14.5726
5.24841
3.86154
-8.44727
3.01452
-7.57944
6.99417
-6.04828
4.95702
2.63255
0.627446
1.30261
11.9425
0.124044
-0.849404
0.688597
-9.06691
6.13208
11.2186
-1.44399
-1.7363
-5.58689
6.48336
-7.09082
16.0129
-0.513358
0.468746
-8.20775
3.95752
3.04022
-8.2739
3.93096
0.157016
-2.47529
-4.49001
5.45927
-5.01215
-3.14609
-3.97164
6.59867
-0.0371399
10.8096
-7.199
0.923055
0.376009
3.72386
0.105767
6.53048
-4.07478
-1.28855
0.543658
2.29141
7.06157
-6.61581
7.87019
-7.18861
-2.50883
0.175206
-2.51456
8.03803
-8.30218
-10.5302
7.73093
-7.72604
3.54805
-8.29182
1.03571
11.6946
-4.70664
4.53637
3.73147
0
0
-2.29716
1.91722
0.776055
-7.46356
-5.01127
8.09412
1.7716
6.95082
-4.92968
-3.26179
-1.20211
0.485054
-7.68035
5.23263
-6.97408
5.89501
-4.54032
-0.362808
-0.0819353
-5.32958
11.2641
-2.90197
-0.468558
1.67649
3.89735
-9.33034
4.5348
-7.98575
13.2035
-9.08733
-8.4711
-1.26951
-0.578904
-1.55215
3.18809
1.06104
-1.50659
-2.32254
-0.919615
-1.4072
-6.24966
-2.03928
-0.236737
-5.64647
11.6166
3.80228
-1.07846
-2.2124
5.92413
-4.15733
-1.0712
0.473531
4.43051
-5.16298
-1.96048
6.22285
0.798622
1.96592
1.77152
3.48035
-1.03511
-0.0381814
2.57041
2.0409
-4.75404
1.74278
8.21042
-1.32282
-2.28316
-8.38751
4.26365
-1.09855
-2.41872
-2.64553
7.71593
-2.56251
-6.54913
-0.681299
12.9606
-12.0305
6.23857
-7.09156
8.21149
1.7161
0.238862
6.76724
-4.1058
6.74345
-5.70535
2.27823
-1.02254
-3.88469
7.20101
-9.64168
10.9003
-7.20141
-2.17449
6.18975
-2.3104
-3.26856
0
0
0
0
0
0
0
0
0
0
0
0
0
0
0
0
0
0
0
0
0
0
0
0
0
0
0
0
0
0
0
0
0
0
0
0
0
0
0
0
0
0
0
0
0
0
0
0
0
0
0
0
0
0
0
0
0
0
0
0
0
0
0
0
0
0
0
0
0
0
0
0
0
0
0
0
0
0
0
0
0
0
0
0
0
0
0
0
0
0
0
0
0
0
0
0
0
0
0
0
0
0
0
