0
0
0
0
0
0
0
0
0
0
0
0
0
0
0
0
0
0
0
0
0
0
0
0
0
0
0
0
0
0
0
0
0
0
0
0
0
0
0
0
0
0
0
0
0
0
0
0
0
0
0
0
0
0
0
0
0
0
0
0
0
0
0
0
0
0
0
0
0
0
0
0
0
0
0
0
0
0
0
0
0
0
0
0
0
0
0
0
0
0
0
0
0
0
0
0
0
0
0
0
0
0
0
0.226485
0.696091
0.654856
0.483311
0.0788548
0.682579
0.237134
0.0575598
0.522045
0.950973
0.691997
0.158625
0.580507
0.5654
0.272627
0.733098
0.146003
0.247395
0.0646713
0.225332
0.202627
0.866691
0.0490508
0.530174
0.539773
0.704597
0.0834443
0.902631
0.890969
0.890601
0.402473
0.117454
0.586692
0.0573285
0.600765
0.665547
0.739908
0.837898
0.723106
0.261953
0.788872
0.415103
0.420578
0.369379
0.980503
0.693205
0.102478
0.126506
0.940601
0.167149
0.351838
0.143228
0.03384
0.400889
0.673402
0.573613
0.105486
0.756846
0.476244
0.996455
0.647447
0.878717
0.113909
0.234139
0.936046
0.714674
0.899685
0.675954
0.552573
0.622792
0.937906
0.341445
0.037895
0.358484
0.710824
0.0183978
0.0516898
0.813302
0.144904
0.992291
0.980451
0.496742
0.135518
0.0142906
0.897631
0.80892
0.587904
0.00311765
0.565766
0.0641483
0.999573
0.213213
0.942865
0.113482
0.447351
0.878911
0.828156
0.347037
0.554865
0.380729
0
0
0.969829
0.492771
0.722173
0.00772359
0.851255
0.432997
0.0261214
0.902945
0.246299
0.171025
0.895236
0.226749
0.667768
0.0307538
0.24104
0.565399
0.839674
0.828944
0.568516
0.40544
0.893092
0.568089
0.618653
0.835957
0.681571
0.066004
0.714868
0.509727
0.413041
0.269733
0.890456
0.382869
0.762504
0.612629
0.390593
0.613759
0.0456265
0.416714
0.516704
0.291925
0.58774
0.41194
0.518674
0.255507
0.442694
0.759714
0.820906
0.282367
0.588658
0.389422
0.687807
0.48175
0.957512
0.30646
0.317708
0.639083
0.372464
0.0325764
0.14881
0.785505
0.302309
0.0392663
0.168374
0.0648134
0.651896
0.558967
0.678573
0.697522
0.975682
0.195277
0.989447
0.563421
0.607217
0.508122
0.818929
0.0499102
0.267836
0.639835
0.332278
0.856495
0.0292572
0.0200848
0.338245
0.986769
0.326545
0.655953
0.625852
0.699008
0.688529
0.774662
0.484513
0.990839
0.813928
0.652887
0.055652
0.465824
0.211854
0.734225
0.163346
0.187536
0
0
0.929501
0.152793
0.750957
0.536718
0.660915
0.569886
0.586628
0.928751
0.209721
0.918906
0.785246
0.238978
0.938991
0.123491
0.225747
0.265535
0.779443
0.851599
0.964544
0.467973
0.626261
0.449057
0.458811
0.440189
0.101944
0.514463
0.906013
0.313798
0.248688
0.0693589
0.501334
0.178189
0.222152
0.252291
0.714907
0.883067
0.822178
0.301535
0.811818
0.0318984
0.220441
0.597064
0.270876
0.159432
0.720554
0.496623
0.424967
0.499998
0.348222
0.38951
0.96797
0.974483
0.838567
0.426782
0.414672
0.940511
0.941245
0.320685
0.254309
0.189933
0.390044
0.755643
0.368122
0.612196
0.0079343
0.0830288
0.495263
0.830112
0.384564
0.307081
0.86201
0.605005
0.904145
0.132887
0.764436
0.624699
0.62951
0.189403
0.124696
0.977732
0.578914
0.0926667
0.952215
0.417481
0.519448
0.366888
0.357991
0.460693
0.687573
0.6123
0.650626
0.0776167
0.367943
0.0187476
0.689813
0.375877
0.101776
0.185076
0.205989
0.48634
0
0
0.492157
0.0679992
0.0913452
0.396301
0.200886
0.855782
0.0210002
0.830396
0.0451849
0.145697
0.808128
0.624098
0.238363
0.760344
0.041579
0.757812
0.127231
0.39957
0.218505
0.814804
0.0118704
0.869131
0.892421
0.379813
0.887878
0.582234
0.755691
0.989654
0.767309
0.96168
0.475995
0.259466
0.0296788
0.56734
0.655767
0.230565
0.423122
0.676768
0.0609607
0.468307
0.822464
0.869089
0.0924052
0.0608274
0.629433
0.133984
0.818639
0.756664
0.533555
0.0371438
0.571468
0.545425
0.906274
0.463889
0.925238
0.794152
0.0461223
0.680929
0.783807
0.813432
0.642608
0.259802
0.0728976
0.672287
0.827142
0.728665
0.902852
0.250263
0.405432
0.963812
0.71857
0.227897
0.832901
0.810975
0.288724
0.462334
0.94496
0.107363
0.218998
0.478514
0.144507
0.790466
0.023939
0.0507812
0.254355
0.949177
0.844934
0.300477
0.630106
0.628741
0.113909
0.272714
0.888542
0.186806
0.945001
0.715684
0.915471
0.847853
0.965947
0.320904
0
0
0.811666
0.684518
0.5488
0.644567
0.495493
0.837524
0.106901
0.440453
0.944887
0.325899
0.918967
0.089394
0.116366
0.942906
0.140175
0.37072
0.892083
0.985109
0.671197
0.522189
0.613849
0.785106
0.794903
0.502392
0.971912
0.739905
0.218075
0.887383
0.587758
0.184023
0.208287
0.399423
0.868541
0.757087
0.0439906
0.364033
0.594611
0.150892
0.804486
0.539498
0.476791
0.723453
0.628892
0.593157
0.666358
0.769068
0.963877
0.558441
0.754176
0.635075
0.08063
0.368026
0.420181
0.875533
0.870417
0.392093
0.615438
0.0884927
0.279477
0.203195
0.272516
0.487764
0.602619
0.141056
0.244851
0.646609
0.50509
0.839462
0.797502
0.309576
0.378961
0.274293
0.0330284
0.00785296
0.86745
0.699387
0.77692
0.831327
0.257828
0.531097
0.466402
0.338458
0.899122
0.886583
0.213991
0.76954
0.278677
0.829429
0.858032
0.558154
0.0326241
0.130548
0.0459177
0.635243
0.271604
0.290769
0.281852
0.776694
0.130231
0.0793539
0
0
0.0862697
0.509192
0.353647
0.119298
0.517045
0.221097
0.818685
0.293965
0.0524243
0.0765126
0.825062
0.518827
0.41497
0.724184
0.40541
0.628962
0.493724
0.684087
0.45839
0.351757
0.242241
0.491014
0.482305
0.288158
0.126257
0.753909
0.578927
0.40811
0.530603
0.709158
0.487464
0.616872
0.21835
0.84111
0.736171
0.735394
0.0622073
0.554855
0.0293591
0.114632
0.631368
0.854421
0.633458
0.0463383
0.578605
0.0388683
0.6753
0.0723295
0.722955
0.13369
0.424086
0.965196
0.624704
0.906391
0.253354
0.750962
0.6603
0.832281
0.159071
0.190902
0.541439
0.646535
0.807775
0.759789
0.487645
0.543945
0.495183
0.549853
0.0988006
0.524542
0.664484
0.730168
0.378963
0.297942
0.776507
0.957568
0.336811
0.451807
0.0298977
0.0597658
0.585497
0.453984
0.0249616
0.210201
0.360374
0.278316
0.961163
0.0206739
0.110597
0.120234
0.211576
0.652036
0.766769
0.0193511
0.411824
0.254414
0.563296
0.907007
0.804266
0.662097
0
0
0.431549
0.468751
0.392266
0.810512
0.766693
0.168772
0.76808
0.103504
0.620579
0.797978
0.163269
0.206076
0.251961
0.188231
0.416277
0.612336
0.466547
0.377439
0.63301
0.577144
0.497673
0.844586
0.22918
0.264442
0.863937
0.641004
0.518856
0.427233
0.548011
0.323122
0.0893304
0.97956
0.791873
0.481596
0.790072
0.558566
0.650368
0.558152
0.662069
0.270947
0.35613
0.825339
0.477023
0.608091
0.0135699
0.8933
0.220427
0.480117
0.270739
0.853436
0.0572604
0.768412
0.698022
0.28644
0.0328542
0.561959
0.927444
0.55171
0.989192
0.475455
0.874832
0.0785227
0.455015
0.666705
0.560119
0.245087
0.22527
0.210487
0.803239
0.887339
0.481434
0.159369
0.712678
0.958457
0.76746
0.726248
0.851757
0.987886
0.206365
0.122496
0.841322
0.263625
0.890908
0.539345
0.550065
0.923762
0.101303
0.477509
0.475472
0.0904958
0.952964
0.350304
0.169018
0.40798
0.0170088
0.729137
0.653067
0.242279
0.939624
0.456306
0
0
0.129619
0.421058
0.615674
0.842297
0.379515
0.383134
0.568545
0.231271
0.37102
0.77491
0.353767
0.212343
0.0385349
0.244675
0.751687
0.5886
0.168437
0.852991
0.0661094
0.64391
0.943486
0.0190737
0.994214
0.112505
0.427053
0.0112225
0.841642
0.0801201
0.253502
0.781266
0.536426
0.38312
0.202323
0.1521
0.225417
0.581838
0.535234
0.793962
0.813109
0.906254
0.568871
0.166876
0.118597
0.607406
0.411552
0.870284
0.196006
0.579989
0.723274
0.262116
0.223899
0.666761
0.28119
0.218112
0.779265
0.708243
0.229335
0.620907
0.788363
0.482836
0.402173
0.324789
0.865956
0.604496
0.476889
0.0913733
0.186335
0.0121232
0.885335
0.999444
0.918377
0.454206
0.16632
0.0369741
0.0616127
0.577872
0.907258
0.257619
0.157861
0.630532
0.519735
0.381759
0.297293
0.800925
0.599872
0.0765582
0.509167
0.829206
0.697465
0.29753
0.312043
0.0996382
0.622319
0.177999
0.704135
0.0992083
0.269373
0.890469
0.111332
0.154708
0
0
0.889913
0.0297089
0.608914
0.0562335
0.0666831
0.670527
0.634105
0.973941
0.928146
0.791966
0.604473
0.447881
0.173726
0.901766
0.248806
0.773597
0.978324
0.757973
0.602804
0.67579
0.0555036
0.914847
0.775428
0.677823
0.0928461
0.479562
0.777031
0.362219
0.370032
0.888363
0.516926
0.259945
0.918072
0.12584
0.316178
0.984755
0.796367
0.950283
0.958696
0.724513
0.74225
0.563169
0.172394
0.915976
0.464935
0.4212
0.689573
0.443259
0.179173
0.292377
0.119049
0.234677
0.207224
0.894477
0.9125
0.30007
0.374039
0.689531
0.662288
0.744071
0.577893
0.179215
0.00401517
0.495965
0.305055
0.320193
0.48072
0.101422
0.270477
0.439416
0.825935
0.0127265
0.0025844
0.99833
0.928702
0.467519
0.41953
0.618275
0.910778
0.598703
0.910652
0.0298271
0.83338
0.117875
0.924304
0.745879
0.417945
0.298343
0.43541
0.0802331
0.0424134
0.0133038
0.259448
0.0464286
0.509269
0.564503
0.366622
0.989989
0.665925
0.637098
0
0
0.429404
0.491861
0.649825
0.431989
0.49019
0.578527
0.899508
0.90972
0.196802
0.810286
0.508423
0.107454
0.840114
0.341803
0.225329
0.764417
0.0876824
0.643274
0.0627601
0.523093
0.723507
0.105173
0.536397
0.982955
0.151602
0.0456654
0.547458
0.518224
0.0356542
0.213383
0.155322
0.465058
0.705244
0.805147
0.897047
0.195434
0.383675
0.796555
0.105154
0.580477
0.606842
0.613577
0.68793
0.446955
0.95538
0.913259
0.211372
0.0430629
0.556533
0.274132
0.566156
0.28004
0.379306
0.102552
0.262995
0.530908
0.148218
0.810453
0.0491318
0.183872
0.0238357
0.204454
0.64893
0.729079
0.00960154
0.545977
0.924513
0.393276
0.342532
0.0296674
0.973753
0.949374
0.643245
0.661683
0.396329
0.598625
0.574942
0.607701
0.641688
0.131476
0.881834
0.207844
0.411516
0.261139
0.310396
0.674511
0.792047
0.458614
0.484964
0.841179
0.642485
0.5088
0.0456332
0.291415
0.237879
0.0552347
0.837393
0.162392
0.448511
0.179925
0
0
0.19206
0.422263
0.129299
0.835305
0.0839464
0.525628
0.43393
0.658889
0.133329
0.0756183
0.790365
0.0151625
0.283462
0.201881
0.276302
0.593858
0.876392
0.0683492
0.0524717
0.361356
0.909528
0.694957
0.870156
0.955161
0.986372
0.108035
0.0103961
0.823765
0.270427
0.458907
0.00368992
0.462487
0.88117
0.132989
0.297792
0.965117
0.658617
0.731722
0.624005
0.791946
0.80734
0.41437
0.807108
0.0908022
0.616251
0.0834101
0.68466
0.492643
0.151759
0.737132
0.853999
0.0612875
0.432089
0.724155
0.0164489
0.418461
0.83219
0.0268449
0.242226
0.102618
0.485752
0.245916
0.565105
0.366922
0.378905
0.862897
0.332039
0.0375217
0.594618
0.956044
0.829467
0.401958
0.370414
0.636576
0.49276
0.986665
0.719986
0.177421
0.479308
0.871745
0.914553
0.333307
0.933032
0.346642
0.0574622
0.949481
0.765103
0.889652
0.976326
0.00732945
0.99227
0.462078
0.253246
0.557375
0.829
0.632151
0.420271
0.161039
0.669672
0.0148897
0
0
0.117082
0.49914
0.416848
0.487496
0.135715
0.909608
0.474161
0.855701
0.0870289
0.953469
0.727446
0.00158178
0.286776
0.660478
0.348224
0.344238
0.60996
0.113327
0.233891
0.586286
0.120656
0.226161
0.0483638
0.373902
0.783536
0.877364
0.00605253
0.203807
0.0384023
0.675725
0.218697
0.155485
0.174864
0.635545
0.642981
0.31058
0.545153
0.117142
0.16628
0.632182
0.0706116
0.893726
0.633764
0.357388
0.554204
0.981987
0.701626
0.164164
0.0953143
0.935517
0.75045
0.215971
0.161677
0.798814
0.589873
0.945213
0.676178
0.595925
0.149021
0.71458
0.27165
0.367718
0.870065
0.446514
0.00326232
0.513046
0.757094
0.548415
0.630188
0.923374
0.180597
0.7008
0.817101
0.814361
0.0581876
0.371305
0.796348
0.759813
0.535469
0.891663
0.69533
0.285919
0.107633
0.857007
0.0847327
0.697506
0.802221
0.76091
0.293431
0.951241
0.47549
0.565081
0.318959
0.345555
0.0115952
0.322221
0.8586
0.768689
0.870636
0.488789
0
0
0.692063
0.0512336
0.189589
0.509164
0.865595
0.247776
0.880469
0.661943
0.00758975
0.415938
0.553606
0.70292
0.701857
0.661239
0.559927
0.78659
0.358745
0.362148
0.5475
0.652176
0.313389
0.0229897
0.217257
0.632348
0.368544
0.228852
0.954569
0.227145
0.997541
0.825205
0.715934
0.689605
0.876439
0.905522
0.198768
0.742033
0.153299
0.0792373
0.403976
0.160889
0.495175
0.957582
0.863808
0.197032
0.618821
0.423735
0.983622
0.977566
0.785883
0.531121
0.629742
0.0992721
0.554111
0.846999
0.73162
0.922655
0.0758517
0.686188
0.1498
0.073393
0.511393
0.865734
0.762998
0.387832
0.771256
0.961766
0.129865
0.924555
0.0410034
0.533841
0.0854437
0.536179
0.491424
0.949252
0.733211
0.110245
0.372987
0.716832
0.0878112
0.15887
0.247953
0.717554
0.258143
0.802064
0.564553
0.989762
0.72472
0.640405
0.675951
0.87452
0.713798
0.187344
0.740254
0.476795
0.575176
0.51151
0.438561
0.705041
0.436066
0.479565
0
0
0.238883
0.521509
0.0157433
0.730306
0.470761
0.748954
0.840551
0.843749
0.465786
0.928362
0.00261907
0.71374
0.645916
0.260762
0.515804
0.210469
0.250524
0.240524
0.850874
0.926475
0.115044
0.564671
0.113819
0.855298
0.0414665
0.688995
0.366809
0.480028
0.394036
0.802874
0.959593
0.632918
0.324384
0.975336
0.363224
0.795145
0.72429
0.203775
0.638894
0.190076
0.132138
0.641513
0.903816
0.778053
0.902274
0.41962
0.988522
0.152798
0.660144
0.839396
0.0792729
0.775188
0.404067
0.193092
0.630486
0.445533
0.882086
0.997295
0.925561
0.276122
0.800169
0.885154
0.90904
0.124553
0.86049
0.272265
0.919698
0.58478
0.47604
0.558591
0.774856
0.608178
0.200104
0.678672
0.386231
0.102378
0.0982918
0.374753
0.255177
0.758436
0.214149
0.33445
0.533624
0.618216
0.527541
0.16411
0.0637491
0.409628
0.161405
0.98931
0.68575
0.961575
0.874464
0.59479
0.0861277
0.734954
0.867055
0.00582559
0.319734
0.343095
0
0
0.564417
0.0945895
0.951273
0.764521
0.773261
0.337504
0.866899
0.871553
0.712258
0.122076
0.629989
0.926406
0.456526
0.163613
0.544622
0.984067
0.327724
0.608371
0.393694
0.489129
0.597681
0.0794439
0.450704
0.472146
0.674234
0.536831
0.2071
0.541289
0.542657
0.526833
0.884384
0.107074
0.621423
0.835658
0.871595
0.394684
0.173162
0.738495
0.266237
0.88542
0.860571
0.896226
0.811826
0.317096
0.0598394
0.356448
0.301163
0.387563
0.964819
0.694857
0.876692
0.562501
0.774301
0.327396
0.0346463
0.448535
0.864227
0.241746
0.989825
0.406884
0.768579
0.874209
0.513958
0.390002
0.709867
0.385554
0.784687
0.883029
0.124048
0.0509239
0.768448
0.984619
0.94715
0.580274
0.301715
0.00698949
0.936722
0.602878
0.394552
0.901541
0.297736
0.271244
0.464042
0.0720372
0.59864
0.498688
0.520573
0.462867
0.740434
0.510397
0.869752
0.509014
0.384606
0.38371
0.899016
0.0944728
0.769263
0.683703
0.977502
0.893312
0
0
0.734627
0.74595
0.87793
0.681777
0.326224
0.179646
0.688766
0.262947
0.782524
0.0833186
0.164488
0.08026
0.354563
0.62853
0.152297
0.953203
0.127218
0.67287
0.41607
0.867653
0.183267
0.285822
0.376666
0.567873
0.669532
0.275682
0.662346
0.438795
0.959385
0.639847
0.332107
0.694012
0.385797
0.210037
0.375789
0.712022
0.389683
0.0645547
0.974968
0.172207
0.147873
0.139457
0.252467
0.502436
0.767987
0.404764
0.45564
0.895205
0.0776336
0.87171
0.762858
0.2609
0.157532
0.139524
0.828773
0.827064
0.415207
0.491119
0.265859
0.374592
0.130966
0.597965
0.0686039
0.516763
0.808002
0.444392
0.228785
0.197685
0.508947
0.203753
0.369892
0.65682
0.34321
0.622359
0.159257
0.111197
0.0271227
0.614896
0.00640219
0.104756
0.486606
0.76926
0.365657
0.644138
0.908785
0.19443
0.471202
0.323992
0.685549
0.737061
0.698584
0.816515
0.335026
0.767188
0.333278
0.143028
0.21158
0.562063
0.340713
0.720527
0
0
0.765816
0.710605
0.377348
0.109026
0.332963
0.536605
0.220222
0.360086
0.151501
0.226625
0.464842
0.638107
0.995885
0.830499
0.282246
0.90467
0.0249291
0.753447
0.228661
0.710478
0.490508
0.927245
0.526992
0.825534
0.694433
0.86027
0.968562
0.906013
0.422333
0.309275
0.62654
0.188148
0.0198793
0.00388779
0.297174
0.352843
0.540492
0.517397
0.712929
0.691993
0.744021
0.177772
0.330101
0.739906
0.00827072
0.612346
0.644576
0.0331999
0.365793
0.873237
0.743678
0.856301
0.800482
0.27067
0.681835
0.494915
0.13094
0.650397
0.400927
0.553273
0.959671
0.0274674
0.741422
0.979551
0.0313552
0.0385957
0.332393
0.571848
0.555992
0.0453224
0.263841
0.300013
0.223094
0.593941
0.0399194
0.231365
0.206288
0.684495
0.264564
0.572081
0.557732
0.00824214
0.428382
0.358214
0.278912
0.110217
0.853128
0.409853
0.760614
0.254056
0.963126
0.720285
0.281523
0.704547
0.699836
0.312878
0.743143
0.0322293
0.884726
0.299135
0
0
0.0775516
0.148567
0.599149
0.300646
0.742508
0.639068
0.53201
0.948796
0.323563
0.796575
0.520877
0.881295
0.804817
0.949259
0.239509
0.083729
0.0594765
0.0926371
0.493582
0.820091
0.346693
0.456707
0.540376
0.628216
0.161255
0.240212
0.941094
0.904398
0.272441
0.82582
0.203533
0.349993
0.974387
0.802681
0.650638
0.716895
0.441749
0.182648
0.665691
0.765312
0.979223
0.186567
0.646607
0.78404
0.135826
0.886116
0.867769
0.195303
0.978753
0.36135
0.0153932
0.325446
0.818058
0.555769
0.953662
0.979312
0.795981
0.894756
0.88371
0.0684219
0.720576
0.0872429
0.418415
0.694963
0.889924
0.0690528
0.411857
0.331673
0.251701
0.0775479
0.0969858
0.230924
0.264115
0.743593
0.0149638
0.399941
0.629709
0.882732
0.595244
0.608462
0.244083
0.610637
0.933908
0.0621404
0.166406
0.887569
0.0414527
0.962387
0.782325
0.925163
0.0308091
0.502901
0.0124056
0.449224
0.197863
0.90233
0.518277
0.609721
0.234003
0.769978
0
0
0.687269
0.330989
0.000901885
0.951384
0.074582
0.0158656
0.351325
0.704291
0.898598
0.946569
0.312753
0.142681
0.557206
0.246661
0.204821
0.723613
0.13423
0.246274
0.686
0.916555
0.171437
0.716809
0.419456
0.183842
0.166033
0.61732
0.0861721
0.684309
0.227041
0.320175
0.454287
0.914309
0.651165
0.455189
0.865693
0.725747
0.471055
0.217018
0.430038
0.369653
0.163587
0.74279
0.512333
0.720794
0.989451
0.717155
0.444406
0.123681
0.963428
0.130406
0.0402366
0.134865
0.847215
0.459693
0.318707
0.0132476
0.0770126
0.40488
0.697557
0.304053
0.725055
0.151844
0.218363
0.37622
0.607033
0.0840558
0.101966
0.0780876
0.301074
0.532004
0.44774
0.464662
0.274794
0.960074
0.185455
0.264245
0.677228
0.629861
0.387927
0.640657
0.760267
0.428163
0.775522
0.607482
0.887856
0.0942295
0.62073
0.964869
0.499109
0.318287
0.268922
0.224164
0.470131
0.487284
0.600384
0.0771639
0.57134
0.70235
0.155251
0.872414
0
0
0.234354
0.602992
0.337076
0.509148
0.563065
0.522531
0.773393
0.240294
0.152393
0.16132
0.88095
0.91266
0.589483
0.656472
0.520142
0.477339
0.750702
0.140873
0.442207
0.249811
0.459159
0.711129
0.473975
0.92929
0.198413
0.0743589
0.00645431
0.769754
0.776709
0.161706
0.642168
0.0110622
0.764697
0.979244
0.52021
0.327763
0.501775
0.293603
0.568056
0.654168
0.454923
0.449007
0.566828
0.0444054
0.105479
0.0869702
0.521744
0.856181
0.227843
0.963951
0.105992
0.687002
0.675081
0.579967
0.616293
0.873494
0.654326
0.622747
0.643248
0.431035
0.784453
0.285416
0.442097
0.54915
0.264659
0.962307
0.876913
0.766434
0.25591
0.444969
0.420602
0.710833
0.893976
0.98743
0.755238
0.999455
0.0743999
0.276982
0.855636
0.302243
0.240934
0.961629
0.989245
0.916014
0.541596
0.605538
0.789508
0.195922
0.228285
0.432756
0.626957
0.0127374
0.718171
0.069054
0.561888
0.982831
0.031361
0.4388
0.749265
0.287271
0
0
0.88377
0.169867
0.998103
0.777746
0.157297
0.753341
0.777201
0.231697
0.0303235
0.632838
0.53394
0.271257
0.594466
0.523185
0.187271
0.136062
0.128722
0.976779
0.331984
0.357007
0.409535
0.958941
0.369744
0.127706
0.0279952
0.931632
0.110537
0.0593562
0.370432
0.859803
0.346627
0.254202
0.0296702
0.344731
0.0319478
0.186967
0.098072
0.809149
0.418664
0.128395
0.441987
0.952604
0.399652
0.036453
0.475789
0.586923
0.172515
0.604511
0.563703
0.504499
0.961518
0.973238
0.463441
0.331262
0.100944
0.491436
0.262894
0.211481
0.550792
0.633326
0.0712841
0.897419
0.887528
0.100954
0.24215
0.919476
0.287922
0.340222
0.728625
0.706586
0.468617
0.170612
0.65919
0.86827
0.207065
0.134979
0.455193
0.37958
0.73949
0.0188958
0.884079
0.701008
0.992133
0.34752
0.03227
0.0930774
0.838956
0.295164
0.304559
0.389748
0.92849
0.375843
0.287167
0.816018
0.476797
0.529316
0.735494
0.764719
0.869538
0.464119
0
0
0.471305
0.338155
0.634731
0.130495
0.206425
0.841796
0.265474
0.661618
0.221376
0.00496373
0.680514
0.105455
0.705972
0.672647
0.452975
0.738242
0.765725
0.29193
0.0334054
0.0702834
0.681678
0.961896
0.446126
0.968845
0.777914
0.922923
0.498161
0.513408
0.687642
0.367699
0.977527
0.158946
0.705854
0.612259
0.289441
0.912279
0.454054
0.554915
0.573897
0.67543
0.559879
0.254411
0.780885
0.26585
0.927059
0.233859
0.00409177
0.692783
0.52579
0.0374972
0.763067
0.207468
0.999393
0.209193
0.176312
0.777307
0.132116
0.674473
0.290715
0.819758
0.0421721
0.268242
0.978704
0.748026
0.880501
0.268145
0.660306
0.334555
0.82306
0.234203
0.00998487
0.382939
0.488614
0.790869
0.648789
0.415673
0.0247287
0.652881
0.108456
0.550518
0.690378
0.871523
0.757986
0.689771
0.0807159
0.934298
0.467077
0.212832
0.608771
0.757792
0.0325895
0.650943
0.0260345
0.0112935
0.39897
0.906535
0.279439
0.0592751
0.24109
0.102499
0
0
0.293478
0.251075
0.485438
0.782092
0.0419448
0.134227
0.197765
0.0666734
0.787107
0.306222
0.617192
0.477485
0.177745
0.375177
0.167256
0.258461
0.309475
0.634334
0.471293
0.918246
0.392126
0.503882
0.569189
0.41816
0.515176
0.968159
0.324696
0.794614
0.0274339
0.565786
0.897113
0.320912
0.816861
0.382551
0.103005
0.858806
0.516777
0.30077
0.92548
0.303885
0.606992
0.542671
0.78137
0.784737
0.917849
0.948626
0.0431976
0.227324
0.58296
0.51449
0.14557
0.975086
0.0183726
0.714759
0.393246
0.533548
0.682918
0.717942
0.328163
0.710352
0.283728
0.225276
0.0312642
0.100589
0.607827
0.134269
0.959395
0.124604
0.435039
0.884875
0.428489
0.0420307
0.427546
0.209859
0.826767
0.345395
0.158485
0.869965
0.572719
0.741445
0.384455
0.718289
0.716531
0.402828
0.433048
0.109777
0.936376
0.115966
0.827719
0.264539
0.826318
0.111446
0.489815
0.857583
0.212035
0.0976414
0.991851
0.171431
0.222245
0.42689
0
0
0.0563057
0.650734
0.468921
0.483852
0.860593
0.295688
0.829247
0.0190781
0.165653
0.401965
0.760523
0.550108
0.120254
0.477054
0.952936
0.553302
0.586831
0.889313
0.669268
0.41455
0.153851
0.495586
0.525996
0.643666
0.353169
0.738032
0.741308
0.34502
0.909463
0.963553
0.77191
0.965768
0.614287
0.240831
0.44962
0.47488
0.536519
0.278867
0.493958
0.702172
0.680832
0.254481
0.252281
0.801086
0.731536
0.205217
0.354387
0.318367
0.0945298
0.0236553
0.732917
0.248381
0.519242
0.258913
0.892048
0.87241
0.996945
0.633355
0.21743
0.906407
0.596908
0.98934
0.872175
0.211195
0.230171
0.321795
0.686075
0.766691
0.600662
0.180033
0.468863
0.281494
0.434515
0.721144
0.0825796
0.16605
0.926361
0.436967
0.484417
0.0208908
0.460622
0.217334
0.269272
0.979864
0.476247
0.16132
0.852274
0.473191
0.794675
0.0697042
0.379598
0.391583
0.0590446
0.251774
0.602778
0.289216
0.573569
0.288853
0.0559066
0.174231
0
0
0.468887
0.524769
0.455725
0.903401
0.245913
0.538305
0.0694513
0.172274
0.975272
0.553868
0.193165
0.435894
0.771202
0.462437
0.415758
0.247448
0.623757
0.268032
0.72064
0.418432
0.337736
0.100238
0.810015
0.396781
0.352011
0.412793
0.685997
0.92558
0.701646
0.741903
0.0998117
0.170533
0.266673
0.555537
0.0739339
0.512586
0.093842
0.143385
0.684861
0.0691139
0.697253
0.878026
0.505008
0.468455
0.340463
0.920766
0.715904
0.96422
0.188798
0.436543
0.382652
0.526534
0.536781
0.192666
0.923315
0.888793
0.605459
0.609312
0.814373
0.307105
0.351216
0.914185
0.477638
0.617888
0.469722
0.551572
0.130475
0.563564
0.694957
0.815335
0.632678
0.392211
0.693361
0.137686
0.860666
0.033824
0.058452
0.57657
0.998044
0.24725
0.0131131
0.380695
0.773785
0.549894
0.573362
0.6971
0.438687
0.178821
0.306412
0.25306
0.485926
0.657628
0.167244
0.963564
0.275516
0.636966
0.515136
0.405991
0.20053
0.210093
0
0
0.221326
0.833207
0.602303
0.914687
0.970893
0.462969
0.948511
0.0293451
0.039539
0.946555
0.276595
0.0526521
0.32725
0.05038
0.602546
0.900612
0.74748
0.0412331
0.0794326
0.0538921
0.294293
0.565359
0.71152
0.461537
0.528923
0.987036
0.0985034
0.0440584
0.393027
0.299033
0.254151
0.614352
0.13224
0.856455
0.529039
0.103133
0.319424
0.47755
0.132479
0.358963
0.424105
0.409074
0.411615
0.751355
0.459454
0.0141615
0.651967
0.206934
0.0553946
0.731399
0.260826
0.349688
0.296758
0.972346
0.811225
0.82568
0.959381
0.909728
0.869739
0.352408
0.208761
0.12389
0.96676
0.341002
0.980345
0.4958
0.444135
0.299769
0.97335
0.576614
0.658732
0.397454
0.985688
0.0703468
0.148809
0.445142
0.0845083
0.800775
0.652075
0.139903
0.532175
0.912901
0.48959
0.828933
0.885247
0.300815
0.654613
0.844628
0.210544
0.524352
0.197036
0.419305
0.648242
0.163796
0.760307
0.628586
0.659596
0.204442
0.928355
0.632945
0
0
0.781056
0.587087
0.0303994
0.766744
0.657434
0.179208
0.211885
0.741942
0.979984
0.863961
0.881845
0.512158
0.776862
0.371435
0.341091
0.662108
0.672251
0.995704
0.506737
0.882794
0.520055
0.703772
0.302099
0.168297
0.867569
0.0624061
0.796883
0.527165
0.266848
0.725238
0.16011
0.0479042
0.312325
0.190509
0.814648
0.969758
0.369717
0.0265332
0.7117
0.349701
0.890494
0.593545
0.861859
0.667356
0.96498
0.20295
0.329464
0.637231
0.198654
0.8362
0.520025
0.718709
0.539973
0.822124
0.887006
0.407542
0.88453
0.68389
0.934706
0.151379
0.409128
0.094816
0.199283
0.721453
0.285325
0.0139309
0.691211
0.655042
0.0404641
0.402911
0.00474344
0.930958
0.996456
0.866603
0.598313
0.961436
0.0695531
0.927777
0.598667
0.268207
0.763978
0.118692
0.986917
0.303951
0.940816
0.873923
0.711493
0.825347
0.557812
0.646199
0.976726
0.96694
0.741015
0.176008
0.688393
0.0263398
0.189939
0.379604
0.681382
0.230403
0
0
0.782515
0.686126
0.161361
0.778971
0.552729
0.759675
0.740407
0.622282
0.687452
0.339074
0.890489
0.45143
0.457766
0.877405
0.755381
0.398583
0.751328
0.466873
0.223929
0.309141
0.113072
0.200655
0.276081
0.854087
0.376663
0.964474
0.880427
0.566603
0.344078
0.561809
0.797006
0.126592
0.247935
0.958367
0.905563
0.800663
0.718042
0.645971
0.422945
0.405494
0.985045
0.313434
0.856924
0.442811
0.190839
0.612305
0.841393
0.942167
0.0791786
0.0653229
0.251308
0.192251
0.265978
0.527389
0.0463379
0.642641
0.491863
0.926765
0.209244
0.835941
0.488574
0.0062499
0.962533
0.736509
0.964617
0.868096
0.537172
0.682659
0.514067
0.960117
0.0881533
0.499112
0.273551
0.945078
0.941922
0.46439
0.557383
0.783316
0.406557
0.636561
0.848639
0.657865
0.828812
0.114617
0.185255
0.87515
0.757258
0.677118
0.801915
0.966502
0.513058
0.290489
0.972752
0.475591
0.0269974
0.937369
0.343687
0.564169
0.620028
0.857754
0
0
0.524286
0.708181
0.356866
0.797837
0.653259
0.298788
0.262226
0.210642
0.082104
0.668783
0.847203
0.930743
0.326649
0.676015
0.0453594
0.511904
0.551165
0.802617
0.189021
0.35308
0.769119
0.702079
0.643569
0.741871
0.17767
0.670566
0.67924
0.521358
0.234735
0.299268
0.379112
0.759021
0.00744937
0.735978
0.556858
0.660708
0.0347657
0.819084
0.87135
0.11687
0.487868
0.718553
0.0476124
0.814517
0.394568
0.0929718
0.32642
0.945733
0.895589
0.515441
0.298813
0.664708
0.21752
0.942382
0.406579
0.395191
0.612948
0.085819
0.916548
0.847684
0.385087
0.29566
0.606705
0.392536
0.0316376
0.163563
0.0532447
0.0664033
0.982647
0.924595
0.183273
0.470515
0.643148
0.230885
0.285032
0.0377157
0.323857
0.611452
0.983449
0.219446
0.126893
0.282262
0.884155
0.344414
0.224644
0.290734
0.739604
0.837593
0.376553
0.656152
0.685277
0.76164
0.951812
0.291982
0.154176
0.98345
0.455545
0.207421
0.0498531
0.438192
0
0
0.132015
0.233126
0.908708
0.775163
0.464011
0.19374
0.812879
0.787869
0.805192
0.796328
0.00731495
0.932085
0.07859
0.89147
0.276498
0.303234
0.182203
0.0161025
0.140827
0.558756
0.672255
0.826104
0.320396
0.624067
0.118086
0.474572
0.607517
0.573631
0.681993
0.65737
0.0118233
0.814008
0.890496
0.920531
0.589171
0.354507
0.11427
0.40205
0.142376
0.919462
0.198378
0.149691
0.851547
0.276968
0.0411604
0.128045
0.580202
0.223364
0.144148
0.72103
0.78212
0.816402
0.547133
0.102516
0.440469
0.665219
0.577088
0.0479859
0.23885
0.259081
0.705356
0.250673
0.0730892
0.595851
0.171204
0.66226
0.950359
0.285475
0.0643104
0.0927345
0.204937
0.262688
0.242425
0.0564834
0.539656
0.283586
0.184529
0.119858
0.50695
0.328676
0.840888
0.28907
0.145078
0.388021
0.391586
0.585548
0.0532403
0.968674
0.633533
0.29209
0.227755
0.338889
0.542764
0.300844
0.934741
0.713968
0.963105
0.885099
0.999443
0.0274151
0
0
0.977834
0.20438
0.290103
0.220259
0.260863
0.829759
0.503845
0.445392
0.949617
0.0107943
0.774068
0.790505
0.299864
0.919146
0.178526
0.69145
0.504694
0.231766
0.660124
0.138227
0.523857
0.887879
0.477116
0.0666204
0.188723
0.411857
0.780589
0.151828
0.296956
0.780031
0.179243
0.27479
0.984411
0.469346
0.495049
0.245274
0.299106
0.998893
0.690666
0.248723
0.00968776
0.464733
0.0392276
0.309552
0.383879
0.217753
0.00100157
0.888573
0.44952
0.661125
0.0267999
0.973376
0.549004
0.503916
0.0399966
0.737728
0.915773
0.820585
0.889555
0.212729
0.600616
0.0687984
0.487518
0.585027
0.538145
0.982567
0.830302
0.83725
0.98146
0.520967
0.085973
0.991148
0.9857
0.125201
0.3007
0.36958
0.342954
0.301701
0.258152
0.792474
0.962827
0.284952
0.76585
0.511831
0.788868
0.805846
0.249559
0.704641
0.626432
0.139114
0.91737
0.227048
0.207913
0.404888
0.812075
0.746057
0.387455
0.642377
0.583308
0.368915
0
0
0.163344
0.669281
0.360063
0.149044
0.794481
0.660763
0.518624
0.137435
0.962465
0.776777
0.929909
0.925292
0.061729
0.695759
0.437123
0.850597
0.501605
0.686682
0.555239
0.128037
0.825796
0.472608
0.355085
0.0337083
0.877496
0.16716
0.779766
0.264951
0.809537
0.363073
0.633867
0.972881
0.0323538
0.99393
0.121926
0.826835
0.654693
0.64055
0.96427
0.617158
0.417327
0.894179
0.54245
0.479056
0.589938
0.979572
0.329653
0.0915437
0.666254
0.884892
0.219581
0.49205
0.3575
0.574666
0.525758
0.234996
0.741826
0.305524
0.499948
0.551363
0.668597
0.133814
0.524245
0.700951
0.127744
0.646171
0.527786
0.782437
0.286721
0.492056
0.399595
0.704047
0.386236
0.942045
0.183103
0.976174
0.921617
0.512756
0.0677178
0.587871
0.397648
0.287298
0.0799211
0.755148
0.861964
0.605679
0.990144
0.60379
0.911203
0.490092
0.155153
0.5798
0.623906
0.679398
0.280751
0.75165
0.325569
0.808537
0.534088
0.612289
0
0
0.300593
0.933683
0.316337
0.686829
0.875728
0.49944
0.663003
0.797345
0.0121962
0.73072
0.385217
0.409844
0.0180189
0.465138
0.164992
0.879983
0.070817
0.155136
0.483773
0.98202
0.645228
0.638926
0.56182
0.269134
0.318324
0.842571
0.0207838
0.643893
0.651107
0.554871
0.256183
0.9517
0.488554
0.57252
0.638529
0.364282
0.0719596
0.301531
0.161628
0.0841558
0.0322519
0.546844
0.494
0.0502708
0.0119821
0.658992
0.930254
0.0827992
0.814128
0.414027
0.0648191
0.459356
0.052953
0.626639
0.728489
0.371277
0.469209
0.749273
0.0151706
0.120317
0.304145
0.271353
0.0720167
0.792699
0.843873
0.710545
0.156981
0.915832
0.012077
0.318609
0.999988
0.0443289
0.865453
0.493988
0.0945997
0.877435
0.15298
0.0248535
0.960234
0.967108
0.43888
0.0250535
0.426463
0.491833
0.651692
0.154953
0.863111
0.120902
0.904226
0.878281
0.241219
0.20837
0.149635
0.313235
0.00106943
0.993507
0.0237808
0.158051
0.90934
0.0358577
0
0
0.476659
0.909328
0.0801866
0.342113
0.403316
0.174786
0.219548
0.556296
0.19964
0.179782
0.523404
0.63852
0.204836
0.949867
0.130353
0.856528
0.104819
0.993464
0.97743
0.00904534
0.871745
0.218649
0.217416
0.0213795
0.531884
0.218485
0.0148869
0.555665
0.376536
0.924227
0.591523
0.853195
0.833555
0.671709
0.195308
0.236871
0.846495
0.414856
0.793167
0.0461351
0.594638
0.316571
0.684655
0.799474
0.266437
0.815008
0.656003
0.371257
0.808472
0.633433
0.380302
0.680217
0.852081
0.597718
0.701596
0.383965
0.816203
0.716483
0.93963
0.192739
0.64071
0.531153
0.0459345
0.474265
0.202862
0.241242
0.711136
0.0493572
0.656098
0.504303
0.0954923
0.250737
0.820874
0.780147
0.0502108
0.087311
0.595156
0.706213
0.458568
0.403628
0.339646
0.83887
0.0838444
0.191727
0.436588
0.785441
0.575693
0.252791
0.501924
0.515323
0.44553
0.142634
0.0464759
0.491465
0.616899
0.249338
0.732708
0.328035
0.298695
0.388806
0
0
0.832338
0.394187
0.639543
0.653212
0.174335
0.689753
0.740523
0.76949
0.395967
0.199091
0.173118
0.735613
0.0379607
0.256962
0.92734
0.474549
0.0424031
0.503033
0.72734
0.544327
0.0183563
0.172871
0.686961
0.0648322
0.664336
0.303861
0.31417
0.397043
0.631896
0.612865
0.785849
0.464234
0.00705204
0.425392
0.117446
0.181387
0.115145
0.857969
0.950877
0.511112
0.0570595
0.123995
0.246724
0.0950202
0.380957
0.174065
0.569569
0.42336
0.677098
0.296909
0.967687
0.695454
0.469779
0.654649
0.760286
0.134115
0.95851
0.074456
0.531158
0.590405
0.687321
0.317007
0.0546397
0.694373
0.742399
0.172086
0.87576
0.857543
0.0300546
0.826637
0.368655
0.0871141
0.950631
0.615379
0.182134
0.331588
0.789444
0.751703
0.754948
0.466541
0.0486122
0.722636
0.161995
0.518392
0.377284
0.922282
0.652507
0.335794
0.996737
0.183665
0.926199
0.684058
0.500672
0.980839
0.378431
0.24307
0.152925
0.254191
0.100614
0.18298
0
0
0.0808272
0.469269
0.270094
0.0314585
0.0846478
0.452228
0.363047
0.874092
0.203931
0.117995
0.340633
0.252543
0.840631
0.502628
0.770935
0.217915
0.42491
0.423442
0.553709
0.421647
0.607107
0.479909
0.105706
0.107778
0.460748
0.484137
0.350848
0.613673
0.738328
0.451462
0.796652
0.819155
0.920731
0.0667461
0.850613
0.00537839
0.518974
0.21366
0.87947
0.722905
0.331655
0.220103
0.975449
0.172286
0.722731
0.746384
0.390202
0.147641
0.169826
0.943911
0.569289
0.776932
0.42382
0.674994
0.88471
0.884568
0.159131
0.235559
0.498241
0.897459
0.687021
0.294894
0.716614
0.607751
0.36164
0.567227
0.61313
0.880614
0.780887
0.4926
0.603519
0.112543
0.712703
0.578968
0.284829
0.435434
0.325352
0.675031
0.583075
0.495178
0.618942
0.152364
0.27211
0.0427623
0.827358
0.15682
0.92733
0.98649
0.392379
0.425572
0.883948
0.0794
0.720465
0.600562
0.687151
0.0821047
0.167789
0.300281
0.962719
0.948676
0
0
0.792881
0.566238
0.0612184
0.505584
0.145206
0.346047
0.941018
0.470558
0.0210782
0.524093
0.965735
0.64002
0.676458
0.237845
0.682783
0.503816
0.394666
0.610113
0.490306
0.787045
0.0356845
0.374254
0.866445
0.75615
0.974816
0.553596
0.838254
0.142605
0.853877
0.800973
0.0912808
0.646758
0.367211
0.152499
0.152342
0.512416
0.498547
0.0933601
0.982974
0.519625
0.617454
0.948709
0.159645
0.293911
0.186554
0.842428
0.797727
0.58122
0.452541
0.288033
0.368265
0.488225
0.662287
0.23471
0.244375
0.637103
0.788306
0.0826288
0.779708
0.642183
0.883602
0.870989
0.288942
0.250812
0.0234879
0.441284
0.763228
0.522034
0.534644
0.746202
0.0416591
0.152098
0.694912
0.201304
0.446009
0.881466
0.0437317
0.243736
0.462686
0.496272
0.531769
0.830951
0.984497
0.194055
0.0656608
0.228872
0.831158
0.853967
0.311501
0.610866
0.49615
0.195102
0.481855
0.785092
0.445915
0.505343
0.226376
0.209143
0.0273772
0.76102
0
0
0.955345
0.0690363
0.913117
0.650257
0.270341
0.359126
0.531723
0.314072
0.602862
0.994409
0.810344
0.13463
0.82536
0.794842
0.328686
0.891021
0.0237135
0.159844
0.744988
0.335214
0.77071
0.241138
0.530317
0.252565
0.0262295
0.976231
0.757908
0.252605
0.185374
0.785285
0.0136252
0.140719
0.854322
0.926743
0.790976
0.124662
0.285869
0.322699
0.438734
0.888731
0.317108
0.249079
0.0233611
0.142469
0.0439206
0.352047
0.0334895
0.0676342
0.511891
0.778477
0.402848
0.282602
0.0196149
0.933165
0.535167
0.0458445
0.909396
0.293075
0.29845
0.0947699
0.0783607
0.312075
0.235489
0.932682
0.238818
0.0264653
0.0573446
0.524686
0.349164
0.496079
0.413417
0.666273
0.745158
0.436778
0.808741
0.789079
0.788825
0.842231
0.856713
0.300716
0.620708
0.259561
0.583318
0.640323
0.192726
0.118485
0.686167
0.102122
0.41156
0.984617
0.196892
0.489921
0.296692
0.432381
0.422603
0.53551
0.458846
0.479948
0.0601964
0.808011
0
0
0.976027
0.473613
0.474284
0.721185
0.910392
0.283025
0.510264
0.699217
0.125256
0.366976
0.999933
0.745964
0.626537
0.583251
0.386287
0.819263
0.701736
0.0724543
0.921385
0.113296
0.0570716
0.118277
0.603217
0.353764
0.550658
0.0258202
0.889274
0.00950476
0.505768
0.94947
0.817516
0.481795
0.423084
0.291799
0.20298
0.333475
0.574824
0.713243
0.0326922
0.70008
0.0802197
0.0326253
0.446044
0.706757
0.615876
0.832331
0.526021
0.317612
0.904785
0.447406
0.430908
0.961856
0.565683
0.0341254
0.31562
0.116342
0.0599456
0.204894
0.125847
0.565714
0.154364
0.943362
0.0475088
0.577448
0.235161
0.250489
0.910923
0.809985
0.963732
0.943615
0.510065
0.0439518
0.976241
0.956109
0.750709
0.592117
0.788439
0.27673
0.909729
0.693224
0.724136
0.340638
0.655081
0.289819
0.374763
0.970701
0.406161
0.434709
0.175595
0.532008
0.000422514
0.32996
0.47537
0.0479313
0.907408
0.710531
0.29842
0.818331
0.520516
0.262152
0
0
0.761946
0.0305817
0.306104
0.738187
0.986691
0.0568129
0.330304
0.77513
0.333542
0.240034
0.468354
0.0576781
0.580671
0.123435
0.347497
0.955435
0.0941363
0.753658
0.390143
0.269732
0.285666
0.390566
0.599691
0.761035
0.438497
0.507099
0.471566
0.736917
0.32543
0.992083
0.999069
0.0873762
0.0226643
0.305173
0.825563
0.00935487
0.361986
0.155868
0.784485
0.695529
0.395901
0.252839
0.753207
0.976573
0.376275
0.100704
0.932007
0.470411
0.854362
0.322151
0.740143
0.140027
0.712717
0.339834
0.901062
0.151214
0.846933
0.372629
0.888131
0.172362
0.364711
0.8872
0.259739
0.387376
0.192373
0.085302
0.39673
0.554359
0.24117
0.181215
0.249888
0.637071
0.434055
0.00309446
0.613644
0.810329
0.103798
0.545651
0.28074
0.95816
0.867802
0.0208826
0.0981871
0.580519
0.360716
0.999249
0.731732
0.207649
0.371878
0.619863
0.380011
0.736589
0.507063
0.63975
0.123965
0.699436
0.725052
0.520695
0.253796
0.966222
0
0
0.70191
0.503684
0.603293
0.135965
0.506778
0.216937
0.946294
0.610576
0.762588
0.227034
0.568736
0.63039
0.247917
0.666923
0.210909
0.608633
0.666173
0.942641
0.816282
0.0380505
0.562504
0.196294
0.77464
0.0695672
0.836044
0.898605
0.769004
0.561096
0.4193
0.0227991
0.527318
0.12121
0.526483
0.13061
0.257176
0.0332606
0.347547
0.20347
0.643837
0.110136
0.430504
0.212573
0.740526
0.678421
0.879496
0.951435
0.287055
0.545668
0.894076
0.103337
0.583719
0.456581
0.299631
0.358359
0.526148
0.135674
0.256963
0.295151
0.69677
0.676263
0.31795
0.224088
0.797473
0.844433
0.354698
0.054649
0.877694
0.702246
0.258119
0.52153
0.812381
0.688623
0.734103
0.552908
0.367044
0.613598
0.504343
0.654099
0.159267
0.398419
0.757436
0.742985
0.855
0.0570667
0.101344
0.381147
0.192741
0.358307
0.676298
0.889511
0.0345699
0.994249
0.113599
0.832043
0.838682
0.468297
0.886692
0.716375
0.170542
0.144811
0
0
0.237906
0.982924
0.833434
0.972008
0.535831
0.200479
0.585607
0.0401739
0.854578
0.744873
0.438593
0.612014
0.487858
0.293592
0.669081
0.589202
0.67474
0.861822
0.947509
0.351038
0.751333
0.982079
0.345287
0.864932
0.814122
0.183969
0.333228
0.700814
0.900344
0.503771
0.845626
0.13825
0.486695
0.67906
0.110258
0.0225259
0.879539
0.695865
0.0626999
0.734117
0.440738
0.501293
0.346131
0.928597
0.794885
0.0152113
0.517799
0.469625
0.877033
0.465308
0.820663
0.628366
0.447387
0.16595
0.493298
0.261509
0.349919
0.826526
0.962324
0.250264
0.330297
0.807949
0.388514
0.816992
0.487009
0.498772
0.839518
0.366548
0.194637
0.902218
0.100664
0.635375
0.40351
0.446795
0.563972
0.198396
0.462006
0.0817714
0.66802
0.339039
0.54708
0.488684
0.967405
0.994466
0.654634
0.460703
0.255976
0.00455334
0.287229
0.218299
0.254817
0.617526
0.0262483
0.643331
0.434518
0.513257
0.142103
0.274035
0.879805
0.33674
0
0
0.176253
0.98047
0.972115
0.579763
0.427265
0.536087
0.778159
0.889271
0.617859
0.446179
0.22831
0.164938
0.934863
0.195716
0.159405
0.589497
0.656419
0.41538
0.59405
0.943648
0.633679
0.848867
0.561174
0.659928
0.492198
0.995692
0.173185
0.634301
0.269728
0.0529902
0.97104
0.445981
0.0334598
0.943155
0.0257439
0.460724
0.479242
0.803903
0.349995
0.0971013
0.250082
0.578306
0.26204
0.184945
0.774022
0.421444
0.774442
0.430441
0.836825
0.368492
0.374089
0.470504
0.21736
0.935263
0.130432
0.709558
0.930955
0.303617
0.343858
0.200683
0.356607
0.314898
0.646664
0.390067
0.258053
0.672408
0.850791
0.737296
0.47631
0.200787
0.834397
0.726392
0.779093
0.0964368
0.911337
0.553114
0.517881
0.685779
0.983555
0.354706
0.0542716
0.357644
0.82521
0.271631
0.292907
0.955642
0.981189
0.223862
0.259259
0.325047
0.424545
0.615866
0.639946
0.0712091
0.00593272
0.897999
0.743617
0.856724
0.635295
0.219927
0
0
0.0575107
0.469692
0.946319
0.836603
0.566129
0.857656
0.389718
0.0840103
0.543435
0.373273
0.438716
0.597707
0.730917
0.263926
0.869338
0.0238238
0.219568
0.850527
0.247686
0.478826
0.175575
0.672232
0.0946923
0.815521
0.743441
0.100625
0.71352
0.487057
0.957349
0.348815
0.706984
0.0148597
0.818507
0.653303
0.851463
0.384637
0.510959
0.241181
0.468647
0.0543942
0.614453
0.907363
0.652101
0.34537
0.171289
0.521439
0.369194
0.390857
0.371966
0.61688
0.869683
0.547541
0.289112
0.964375
0.363061
0.0325524
0.0650005
0.0765813
0.51961
0.0223495
0.425396
0.226594
0.0372093
0.243904
0.879897
0.888672
0.628541
0.390856
0.129853
0.0971875
0.44525
0.744306
0.00455058
0.0973509
0.0896763
0.17584
0.61879
0.45887
0.566696
0.990756
0.07575
0.43638
0.538297
0.364862
0.400755
0.901358
0.397414
0.465756
0.97794
0.917024
0.488105
0.403336
0.143618
0.525314
0.64724
0.0235144
0.413987
0.275781
0.41437
0.54384
0
0
0.372968
0.85962
0.288146
0.377519
0.956971
0.377822
0.553358
0.575761
0.836692
0.120055
0.566517
0.912442
0.556434
0.104814
0.277304
0.957189
0.00617255
0.674718
0.422945
0.984112
0.591742
0.91105
0.387448
0.735359
0.436365
0.0346883
0.758874
0.850352
0.310469
0.173244
0.394191
0.683437
0.0328644
0.682337
0.0609556
0.989836
0.0601595
0.614314
0.565597
0.896852
0.734369
0.132114
0.809294
0.290803
0.236928
0.086598
0.247992
0.243101
0.761316
0.670937
0.227213
0.353058
0.581988
0.614661
0.0884169
0.0183526
0.64935
0.847291
0.868704
0.959818
0.0205347
0.262895
0.643255
0.053399
0.945233
0.704211
0.0432347
0.00539203
0.318525
0.608832
0.902244
0.0528936
0.740946
0.711538
0.343696
0.977874
0.798136
0.591689
0.220975
0.559452
0.262626
0.448188
0.91251
0.844614
0.0628493
0.000926414
0.862967
0.712199
0.848217
0.731671
0.672017
0.868752
0.994566
0.315273
0.922151
0.939799
0.0194839
0.965385
0.945191
0.338009
0
0
0.574217
0.847435
0.390902
0.315163
0.558972
0.734599
0.293037
0.357108
0.326288
0.514012
0.91656
0.588914
0.9622
0.82907
0.433528
0.0250489
0.829996
0.296495
0.737248
0.678213
0.0281653
0.409265
0.546965
0.0227314
0.724538
0.469115
0.96253
0.744022
0.434501
0.907721
0.0820311
0.00871797
0.755155
0.472934
0.323881
0.314128
0.207532
0.616917
0.671236
0.53382
0.130929
0.587796
0.122734
0.0931287
0.416866
0.556262
0.118178
0.246862
0.852757
0.855426
0.925075
0.880922
0.264691
0.472039
0.903653
0.989229
0.941155
0.866183
0.733252
0.375656
0.773904
0.815283
0.384374
0.52906
0.288216
0.708255
0.843187
0.495749
0.325172
0.514423
0.0295687
0.456101
0.102219
0.152303
0.54923
0.519085
0.708565
0.667408
0.765947
0.561321
0.522833
0.691021
0.442243
0.787524
0.163061
0.345897
0.776753
0.104216
0.21208
0.510005
0.479871
0.985985
0.325288
0.864245
0.515044
0.613504
0.5725
0.358232
0.109252
0.897672
0
0
0.872655
0.138821
0.353773
0.974874
0.291124
0.903003
0.493959
0.999689
0.57041
0.259906
0.56101
0.0932433
0.950927
0.00325365
0.880767
0.113988
0.34915
0.657521
0.218203
0.561231
0.167526
0.698075
0.547215
0.492813
0.56232
0.0622595
0.106317
0.13482
0.420491
0.215569
0.0324916
0.293146
0.354391
0.386265
0.26802
0.645514
0.289267
0.761979
0.645203
0.859677
0.021885
0.206213
0.952921
0.972812
0.209467
0.833688
0.0867998
0.558618
0.491209
0.305003
0.119848
0.658735
0.00307791
0.667064
0.151548
0.565398
0.729323
0.257865
0.700218
0.149814
0.473435
0.732709
0.44296
0.827825
0.118974
0.71098
0.47334
0.408241
0.472959
0.118543
0.267919
0.494844
0.324757
0.220839
0.467657
0.534224
0.0545277
0.554456
0.0928412
0.545737
0.859459
0.212689
0.204472
0.862537
0.879753
0.35602
0.427935
0.609076
0.613886
0.128153
0.75889
0.0873206
0.860862
0.201851
0.915146
0.979836
0.912831
0.388486
0.388077
0.38579
0
0
0.507029
0.655996
0.880635
0.831786
0.876835
0.348291
0.36601
0.931363
0.902748
0.458851
0.4771
0.762207
0.67154
0.681572
0.624745
0.551293
0.0375917
0.0526799
0.160369
0.651477
0.180833
0.91926
0.738798
0.0416954
0.12111
0.653944
0.0215317
0.0339411
0.0424301
0.409609
0.419731
0.549459
0.065605
0.300366
0.381245
0.94244
0.648658
0.747255
0.873803
0.551405
0.206105
0.350903
0.313612
0.877646
0.0324747
0.938357
0.428939
0.0700664
0.991037
0.589308
0.721544
0.17187
0.508568
0.460342
0.213565
0.629678
0.114286
0.235097
0.663619
0.156716
0.644706
0.0833507
0.706175
0.710311
0.383717
0.0874201
0.652751
0.0323743
0.834675
0.526554
0.583779
0.0407801
0.877457
0.897392
0.918426
0.909932
0.835749
0.347364
0.979999
0.826785
0.936673
0.701542
0.998655
0.44524
0.161884
0.21222
0.0749186
0.276169
0.447317
0.738538
0.432885
0.0920223
0.821889
0.13906
0.802333
0.205605
0.22648
0.455084
0.23798
0.061155
0
0
0.981639
0.821759
0.101935
0.859096
0.719151
0.0203608
0.769028
0.554899
0.367725
0.749027
0.381685
0.304398
0.450569
0.38034
0.749638
0.612453
0.592559
0.824557
0.888623
0.039876
0.563095
0.321508
0.131898
0.384983
0.460568
0.934231
0.590589
0.687048
0.389316
0.828568
0.748203
0.370954
0.650327
0.850138
0.23005
0.369478
0.870499
0.999079
0.924377
0.238224
0.748105
0.306062
0.542622
0.198675
0.686402
0.29226
0.811128
0.278961
0.116817
0.69975
0.318837
0.679911
0.0212578
0.450735
0.0648945
0.481826
0.384967
0.655483
0.168874
0.774282
0.484051
0.917077
0.145236
0.134378
0.767215
0.375287
0.503857
0.637714
0.374365
0.428234
0.875938
0.122471
0.734296
0.41856
0.321145
0.420698
0.710819
0.132273
0.699659
0.827636
0.832023
0.0184958
0.507547
0.853281
0.469231
0.572442
0.335106
0.854198
0.227925
0.50398
0.62848
0.711976
0.421056
0.773717
0.846355
0.188271
0.149004
0.350211
0.825985
0.523369
0
0
0.778445
0.701923
0.645839
0.512741
0.120482
0.966985
0.933439
0.831302
0.0992573
0.633098
0.658938
0.93128
0.651593
0.166485
0.784561
0.120825
0.738927
0.119667
0.975022
0.966852
0.623647
0.603503
0.678828
0.0447031
0.37722
0.525183
0.232974
0.526223
0.875395
0.058959
0.0495918
0.65384
0.760881
0.695431
0.166581
0.881364
0.662416
0.10002
0.712665
0.761673
0.733118
0.371603
0.692953
0.384711
0.538088
0.477514
0.505535
0.277015
0.597181
0.480558
0.243867
0.220828
0.0840607
0.922696
0.265531
0.46128
0.447879
0.498505
0.987503
0.323273
0.557464
0.0370951
0.977113
0.318346
0.732526
0.143694
0.199709
0.394942
0.243714
0.912374
0.156615
0.976832
0.283977
0.849569
0.361543
0.822065
0.327083
0.867078
0.0990801
0.924264
0.347636
0.342947
0.145092
0.431696
0.265643
0.410623
0.892977
0.713522
0.909128
0.88048
0.0367953
0.466593
0.917575
0.0139085
0.784938
0.650102
0.157603
0.984648
0.0450438
0.401317
0
0
0.897022
0.201659
0.378149
0.180999
0.051228
0.739691
0.00306404
0.378311
0.606769
0.102144
0.302575
0.954405
0.445091
0.447667
0.386101
0.710734
0.85829
0.279078
0.424256
0.767419
0.159558
0.461051
0.234011
0.0771333
0.47496
0.0189493
0.727235
0.632563
0.00359679
0.772279
0.0338795
0.900619
0.973938
0.412028
0.0816177
0.0251659
0.151719
0.0846817
0.403477
0.758488
0.186826
0.706052
0.712893
0.631917
0.153719
0.0989944
0.342651
0.0120094
0.378072
0.766907
0.779428
0.53763
0.227959
0.013439
0.614764
0.702919
0.0323883
0.341999
0.335481
0.0359851
0.114277
0.369361
0.936604
0.0882152
0.781389
0.0182214
0.113381
0.933108
0.102903
0.516858
0.691596
0.289729
0.22291
0.40449
0.921646
0.376629
0.503484
0.264297
0.388639
0.881556
0.0312049
0.168067
0.419187
0.259164
0.181506
0.0339506
0.962082
0.213894
0.375949
0.297564
0.249879
0.490227
0.666924
0.186483
0.578442
0.448313
0.204704
0.691823
0.381422
0.307607
0
0
0.208681
0.0730179
0.597336
0.431591
0.477507
0.518982
0.80822
0.980991
0.78328
0.196858
0.862548
0.814485
0.364925
0.281735
0.0736484
0.54643
0.315685
0.0357307
0.760324
0.691634
0.333294
0.0102031
0.181861
0.000218757
0.196686
0.760303
0.448532
0.40139
0.452125
0.829954
0.708997
0.660806
0.902972
0.306333
0.0923968
0.380479
0.825315
0.900617
0.36147
0.608595
0.0974748
0.224018
0.42308
0.4624
0.505752
0.496728
0.0088299
0.821438
0.532459
0.769154
0.513072
0.865753
0.779357
0.694933
0.865972
0.976043
0.455236
0.314504
0.377433
0.907361
0.144458
0.0864298
0.568167
0.0474291
0.392763
0.660564
0.427908
0.218078
0.561181
0.789378
0.826673
0.658656
0.0133962
0.249753
0.121055
0.519149
0.746481
0.129885
0.340586
0.27894
0.899039
0.853658
0.144693
0.678396
0.548591
0.010665
0.654439
0.00382718
0.325169
0.0318719
0.911188
0.469627
0.118302
0.479356
0.517056
0.511065
0.13992
0.944964
0.729143
0.701101
0
0
0.734342
0.555817
0.359756
0.747738
0.80557
0.480811
0.266887
0.552051
0.610696
0.607473
0.830991
0.509735
0.461132
0.975684
0.188132
0.00972295
0.986349
0.842571
0.0135501
0.311518
0.874443
0.924739
0.781144
0.992744
0.404094
0.2982
0.503809
0.544015
0.243164
0.232952
0.245115
0.977505
0.788769
0.604872
0.725243
0.594339
0.0856831
0.99213
0.146389
0.696379
0.599603
0.97738
0.206115
0.060735
0.953064
0.394246
0.070458
0.939413
0.236817
0.0840081
0.250931
0.11126
0.00874665
0.0320754
0.104004
0.412841
0.330275
0.607814
0.956856
0.573439
0.840766
0.201971
0.550944
0.629535
0.806843
0.276188
0.223873
0.892526
0.268318
0.370263
0.588905
0.867921
0.347643
0.79502
0.928656
0.300707
0.189267
0.999114
0.24012
0.426084
0.0831224
0.491051
0.537344
0.0918691
0.523127
0.641348
0.50471
0.853402
0.249162
0.461566
0.426841
0.0899275
0.663537
0.977785
0.719462
0.470379
0.253973
0.943335
0.362905
0.522291
0
0
0.313598
0.95181
0.390212
0.661241
0.74683
0.318869
0.961948
0.936097
0.317983
0.202069
0.362181
0.401106
0.69312
0.899524
0.492975
0.216247
0.540872
0.997685
0.0696492
0.790034
0.459251
0.49649
0.879962
0.122787
0.474275
0.599424
0.593167
0.728248
0.542759
0.956072
0.250539
0.856358
0.907882
0.640751
0.517599
0.654713
0.95962
0.479547
0.59081
0.277603
0.681616
0.95299
0.678709
0.374736
0.852514
0.171683
0.590983
0.393387
0.169368
0.660632
0.183421
0.628619
0.157123
0.0633827
0.751406
0.631398
0.662807
0.344573
0.359646
0.205566
0.300645
0.610185
0.0619235
0.208527
0.250937
0.579522
0.86324
0.210557
0.0590694
0.454049
0.48816
0.740685
0.407039
0.166869
0.115422
0.259554
0.338552
0.706405
0.652941
0.50792
0.367037
0.836362
0.136539
0.52416
0.899745
0.887945
0.155558
0.562551
0.232518
0.515204
0.768117
0.533163
0.125389
0.830041
0.74169
0.376326
0.409563
0.60493
0.586883
0.468632
0
0
0.0589793
0.0750427
0.209318
0.466019
0.241911
0.324739
0.725573
0.580463
0.0311441
0.378514
0.0883833
0.398181
0.214876
0.224922
0.922341
0.11462
0.112867
0.0778989
0.677172
0.345385
0.593103
0.445289
0.878548
0.718492
0.27533
0.620238
0.0948182
0.684893
0.225168
0.681701
0.153525
0.284147
0.756744
0.362843
0.750166
0.998655
0.687582
0.475739
0.579118
0.718726
0.854252
0.667501
0.116908
0.0691279
0.892424
0.0392487
0.183748
0.00529062
0.117148
0.86092
0.350676
0.710251
0.306208
0.229223
0.428743
0.581538
0.849461
0.523561
0.266431
0.074629
0.205262
0.419955
0.358776
0.962006
0.782798
0.108942
0.960661
0.47038
0.584681
0.539779
0.189107
0.438933
0.20728
0.306014
0.508061
0.0997038
0.345263
0.691809
0.104994
0.46241
0.552728
0.45567
0.172661
0.858937
0.684893
0.601404
0.440475
0.534355
0.124965
0.706905
0.608983
0.330227
0.126861
0.96776
0.292232
0.909659
0.0767014
0.252893
0.380039
0.661382
0
0
0.792672
0.569146
0.100315
0.999952
0.87516
0.608375
0.0996556
0.220423
0.300184
0.20465
0.682833
0.852913
0.66032
0.855494
0.711849
0.345213
0.456898
0.152324
0.879568
0.581863
0.85923
0.488551
0.91209
0.98609
0.456311
0.204322
0.89575
0.533012
0.457215
0.275789
0.194394
0.249887
0.844935
0.294709
0.249838
0.720095
0.903084
0.349494
0.940518
0.203268
0.554144
0.623352
0.0561811
0.214464
0.478846
0.768031
0.559677
0.935744
0.920355
0.439245
0.517607
0.779584
0.927796
0.429697
0.765675
0.384107
0.634019
0.661424
0.917119
0.091234
0.937213
0.111513
0.341121
0.782148
0.406222
0.590959
0.502244
0.309306
0.940453
0.442762
0.512575
0.494597
0.0661139
0.568756
0.709061
0.54496
0.336786
0.268738
0.480704
0.257141
0.707983
0.998312
0.0367253
0.635779
0.428009
0.8024
0.0198857
0.0620279
0.463824
0.937005
0.153262
0.401038
0.0485175
0.494382
0.183186
0.454739
0.0853415
0.68543
0.764045
0.0257946
0
0
0.128192
0.27662
0.520392
0.194306
0.845376
0.229453
0.739266
0.182162
0.498191
0.21997
0.439303
0.206174
0.218282
0.476028
0.841953
0.646291
0.278428
0.861839
0.708319
0.742253
0.798843
0.861581
0.143291
0.84736
0.355963
0.326477
0.3021
0.441305
0.0119068
0.0661452
0.467099
0.140099
0.342765
0.987491
0.334405
0.188141
0.216944
0.0736708
0.370303
0.715135
0.293641
0.809606
0.921309
0.511923
0.285634
0.763262
0.158215
0.564062
0.6251
0.866534
0.306315
0.423943
0.728114
0.449606
0.271304
0.0840777
0.776083
0.573403
0.525383
0.787989
0.639549
0.992482
0.928088
0.982314
0.979973
0.262493
0.170455
0.196917
0.336164
0.540758
0.912052
0.629805
0.350363
0.833361
0.141728
0.635997
0.596622
0.299943
0.20006
0.221722
0.166476
0.506375
0.645666
0.894591
0.955981
0.916969
0.978669
0.732063
0.490373
0.504051
0.520052
0.129921
0.496533
0.44814
0.112235
0.476506
0.710633
0.28269
0.673424
0.0467971
0
0
0.823448
0.585476
0.676602
0.173811
0.418836
0.81833
0.809809
0.0154587
0.118273
0.00986833
0.237181
0.28475
0.516243
0.882847
0.179341
0.472224
0.799816
0.158009
0.204287
0.290189
0.66206
0.724339
0.42011
0.158593
0.172479
0.532345
0.6351
0.883113
0.815036
0.308523
0.92991
0.638483
0.893999
0.606512
0.812294
0.312835
0.424842
0.622103
0.328294
0.543115
0.631971
0.565475
0.827865
0.148214
0.448322
0.00720569
0.620438
0.248138
0.165215
0.824725
0.538327
0.827275
0.549064
0.958438
0.985868
0.721543
0.490783
0.620968
0.604656
0.305819
0.929491
0.534566
0.944302
0.82349
0.141078
0.756596
0.136326
0.56592
0.378699
0.464619
0.109036
0.0106703
0.0300946
0.936901
0.158885
0.478417
0.944106
0.779323
0.726555
0.109321
0.604048
0.264882
0.936596
0.153112
0.22332
0.922465
0.874655
0.714103
0.543433
0.479311
0.0199214
0.472924
0.0138774
0.964223
0.296414
0.154955
0.720819
0.43274
0.720876
0.0995183
0
0
0.897359
0.829911
0.110189
0.927454
0.766812
0.269073
0.405871
0.710918
0.0483961
0.132426
0.82024
0.652444
0.397308
0.756836
0.805555
0.620628
0.679301
0.68021
0.334731
0.222733
0.159522
0.354652
0.695658
0.173399
0.318875
0.992072
0.328355
0.0396944
0.424812
0.0492302
0.139213
0.322172
0.879142
0.249401
0.249626
0.645954
0.518475
0.655496
0.356872
0.566871
0.787922
0.177112
0.219315
0.18523
0.933948
0.02487
0.805858
0.613249
0.70508
0.140589
0.835982
0.864602
0.495241
0.53164
0.0380012
0.814116
0.523712
0.366356
0.853811
0.948524
0.415586
0.993023
0.270696
0.294727
0.242425
0.520321
0.940681
0.760899
0.175818
0.297553
0.32777
0.96374
0.474665
0.547084
0.14897
0.408613
0.571954
0.954829
0.0218614
0.277035
0.0954174
0.857843
0.141637
0.590658
0.389483
0.179638
0.404775
0.913195
0.545994
0.258585
0.861719
0.96158
0.251609
0.132414
0.256307
0.494033
0.652735
0.196988
0.254932
0.828553
0
0
0.494541
0.582702
0.792293
0.969206
0.129786
0.941263
0.377819
0.701741
0.896092
0.39968
0.978776
0.991509
0.257524
0.120413
0.582168
0.647007
0.300051
0.986942
0.560202
0.846045
0.245528
0.421921
0.807625
0.497136
0.554335
0.0639321
0.991169
0.20707
0.26092
0.246101
0.0356236
0.755462
0.828803
0.827917
0.724668
0.95859
0.76918
0.102487
0.660331
0.665272
0.502168
0.639107
0.656782
0.759692
0.759519
0.238949
0.406699
0.0595702
0.225892
0.9669
0.905615
0.471419
0.388821
0.71324
0.968556
0.943156
0.777172
0.959725
0.150226
0.0380925
0.205826
0.18585
0.793554
0.0346299
0.0137666
0.518223
0.99322
0.782947
0.62071
0.653551
0.448219
0.122878
0.292657
0.105
0.882569
0.0521763
0.34395
0.289268
0.111747
0.569842
0.256169
0.0173617
0.0412611
0.64499
0.730602
0.00981675
0.588146
0.507774
0.969542
0.738372
0.545866
0.175368
0.924222
0.339421
0.209998
0.937989
0.857643
0.203218
0.720935
0.478353
0
0
0.856768
0.169154
0.601231
0.149425
0.274155
0.4838
0.201602
0.618104
0.773069
0.313348
0.187946
0.0292372
0.33071
0.229207
0.674227
0.0613115
0.239024
0.262373
0.569085
0.208565
0.000744593
0.114951
0.383934
0.924967
0.454372
0.593931
0.862955
0.312015
0.797149
0.583891
0.790368
0.653917
0.753045
0.391599
0.803342
0.0271995
0.8754
0.00494405
0.645304
0.648468
0.318292
0.83325
0.677706
0.649002
0.062457
0.351932
0.710313
0.301481
0.614305
0.279399
0.510046
0.61505
0.39435
0.89398
0.540016
0.848722
0.487911
0.402971
0.160738
0.28506
0.986862
0.951106
0.938977
0.739907
0.342706
0.74232
0.767106
0.218105
0.747264
0.41241
0.866574
0.0655562
0.24566
0.544279
0.714558
0.308117
0.896212
0.424872
0.609598
0.510517
0.70427
0.119645
0.125566
0.0986205
0.0136244
0.665582
0.947343
0.501536
0.0685538
0.108081
0.786596
0.0554158
0.0591868
0.725573
0.795323
0.401892
0.467893
0.562429
0.619998
0.215157
0
0
0.97484
0.486572
0.280714
0.2205
0.0308512
0.995272
0.528617
0.927063
0.420143
0.138215
0.43758
0.124414
0.25786
0.563146
0.223034
0.271484
0.228728
0.170377
0.77302
0.297282
0.278458
0.559616
0.352698
0.337644
0.285189
0.148021
0.739537
0.753082
0.71045
0.359535
0.96824
0.685289
0.846107
0.248953
0.905789
0.876958
0.244225
0.434406
0.804021
0.664368
0.572621
0.2416
0.788782
0.830481
0.804746
0.0118162
0.101965
0.0334747
0.182193
0.874985
0.330757
0.460651
0.434601
0.683455
0.798295
0.71979
0.831475
0.537832
0.472872
0.541925
0.897367
0.441112
0.227214
0.743473
0.690065
0.133003
0.620431
0.93429
0.567409
0.424452
0.598658
0.14003
0.666052
0.38744
0.970512
0.470799
0.399256
0.0724769
0.504273
0.581449
0.947462
0.83503
0.0421
0.382063
0.518485
0.840395
0.101852
0.34996
0.378227
0.574724
0.891885
0.275594
0.0158359
0.119099
0.0190674
0.705901
0.252102
0.639499
0.64019
0.819511
0
0
0.0639504
0.238848
0.959541
0.730003
0.626288
0.930053
0.200801
0.0255444
0.0025294
0.705075
0.606994
0.949991
0.540105
0.649094
0.332054
0.0585897
0.489489
0.433906
0.40855
0.867716
0.00863068
0.300434
0.14331
0.0244666
0.419533
0.162377
0.730367
0.671635
0.801876
0.370558
0.491145
0.865826
0.609406
0.450686
0.595829
0.235694
0.380739
0.796631
0.261238
0.383268
0.501705
0.868232
0.333259
0.0418103
0.517326
0.665313
0.1004
0.00681464
0.0992198
0.50895
0.874531
0.107851
0.809384
0.0178407
0.132317
0.228917
0.180218
0.862684
0.900551
0.982094
0.233242
0.391696
0.84792
0.842648
0.842383
0.443749
0.0783418
0.223121
0.24038
0.33958
0.606389
0.742085
0.207812
0.939649
0.783895
0.725138
0.604962
0.884295
0.731953
0.704182
0.393245
0.606484
0.812032
0.202629
0.624324
0.944349
0.431546
0.804542
0.807034
0.332097
0.786636
0.0402755
0.723793
0.634556
0.882923
0.566176
0.0783055
0.961265
0.789297
0.318685
0
0
0.300845
0.395686
0.0607703
0.508658
0.335335
0.844666
0.233796
0.940297
0.728961
0.965749
0.644479
0.122206
0.572232
0.456511
0.324835
0.196557
0.400861
0.75638
0.00109893
0.207894
0.0884771
0.787735
0.24817
0.81227
0.422291
0.131093
0.378446
0.500597
0.0923581
0.167743
0.819282
0.393203
0.56343
0.880052
0.901861
0.898765
0.724718
0.135657
0.839062
0.453679
0.101406
0.483541
0.575885
0.673639
0.940052
0.900719
0.870196
0.340912
0.6571
0.871294
0.548807
0.745577
0.65903
0.796976
0.557847
0.0813208
0.92807
0.936294
0.581918
0.0204276
0.104037
0.401199
0.413631
0.667467
0.281252
0.315492
0.566232
0.00596958
0.45115
0.405293
0.459648
0.552556
0.888834
0.0355333
0.226195
0.828886
0.936253
0.0963906
0.169798
0.593352
0.967685
0.718605
0.338929
0.626715
0.515581
0.896776
0.708035
0.443651
0.83307
0.289953
0.464078
0.937107
0.691152
0.877709
0.604574
0.972404
0.193202
0.170806
0.978374
0.644351
0
0
0.576099
0.438022
0.196908
0.464933
0.473555
0.423102
0.293818
0.409808
0.519493
0.463616
0.00316056
0.487178
0.182221
0.34209
0.113893
0.697802
0.238866
0.821928
0.141453
0.0719361
0.111881
0.605531
0.00904315
0.803033
0.48324
0.613617
0.775437
0.676442
0.784423
0.753811
0.320793
0.360522
0.191833
0.517701
0.825454
0.665389
0.940803
0.119273
0.0751967
0.460296
0.582889
0.0783572
0.947474
0.76511
0.420447
0.061367
0.462913
0.659313
0.883295
0.604365
0.731249
0.995176
0.209896
0.740292
0.798209
0.693136
0.353909
0.573647
0.369578
0.138332
0.327458
0.690371
0.498854
0.519291
0.208072
0.324308
0.184679
0.148875
0.443581
0.259876
0.609171
0.0264704
0.338233
0.556646
0.791581
0.75868
0.618013
0.254493
0.417993
0.501308
0.858859
0.149243
0.496484
0.0687549
0.889535
0.294693
0.761891
0.243445
0.86834
0.131469
0.381777
0.195798
0.821841
0.88063
0.715088
0.0299129
0.204939
0.899768
0.178788
0.64852
0
0
0.159644
0.78796
0.67499
0.497877
0.344605
0.466571
0.256558
0.962618
0.721064
0.674551
0.463926
0.579923
0.823794
0.960409
0.648678
0.713329
0.255102
0.410569
0.956773
0.123442
0.542039
0.33855
0.31924
0.36388
0.219181
0.0343281
0.393793
0.424119
0.934096
0.572581
0.0726388
0.09374
0.36054
0.747629
0.591617
0.705146
0.2142
0.848175
0.667764
0.935264
0.522726
0.131689
0.515187
0.34652
0.0920984
0.163865
0.0598488
0.347201
0.574434
0.0166222
0.470643
0.116473
0.355172
0.789883
0.480353
0.574353
0.824211
0.874145
0.998472
0.758307
0.446726
0.0711107
0.852047
0.807266
0.81874
0.443664
0.512412
0.0329394
0.291839
0.180176
0.968203
0.814565
0.311865
0.483391
0.161085
0.403963
0.647256
0.220934
0.751164
0.22169
0.237556
0.221807
0.338163
0.592728
0.0116893
0.818516
0.167081
0.8359
0.692661
0.165553
0.594207
0.139387
0.236664
0.446253
0.946654
0.0554035
0.889917
0.459066
0.0883428
0.181756
0
0
0.639241
0.0565463
0.996322
0.951106
0.539937
0.157407
0.355069
0.187193
0.378341
0.106233
0.408883
0.615897
0.32804
0.747046
0.208625
0.339729
0.565562
0.375706
0.175629
0.258224
0.54126
0.769836
0.397611
0.777924
0.216089
0.344265
0.833327
0.106006
0.803331
0.92167
0.287763
0.442572
0.978216
0.284084
0.393679
0.518153
0.441491
0.748748
0.705346
0.819832
0.854981
0.114229
0.435728
0.183021
0.861275
0.644353
0.52275
0.426838
0.0200598
0.698379
0.685062
0.561319
0.468215
0.082673
0.339243
0.684304
0.426938
0.17257
0.790311
0.230269
0.0942396
0.0780733
0.672842
0.0724558
0.362158
0.0665202
0.590609
0.803649
0.815268
0.295955
0.62348
0.670249
0.410184
0.0592085
0.85327
0.271459
0.703562
0.37602
0.698297
0.723622
0.074399
0.383359
0.284941
0.542614
0.466032
0.624184
0.226918
0.89297
0.796754
0.0172289
0.123239
0.890993
0.0953022
0.796081
0.963449
0.45746
0.862601
0.554058
0.261108
0.677869
0
0
0.850013
0.884589
0.348118
0.260197
0.943797
0.201387
0.531656
0.647359
0.577407
0.229953
0.370981
0.651806
0.613312
0.655922
0.19442
0.0793431
0.280105
0.421339
0.972313
0.0768592
0.438567
0.095552
0.967853
0.53387
0.891633
0.931302
0.991329
0.754234
0.48536
0.252438
0.432103
0.335373
0.137027
0.78022
0.595569
0.0808237
0.981608
0.127225
0.728183
0.559015
0.357178
0.0991632
0.210821
0.97049
0.755085
0.405241
0.049833
0.0351903
0.82658
0.022146
0.112049
0.265147
0.117698
0.0799019
0.799017
0.00933066
0.0112036
0.790346
0.763564
0.496563
0.0427841
0.195667
0.831936
0.179811
0.975887
0.427505
0.260634
0.957495
0.554731
0.988817
0.51651
0.911909
0.0879803
0.72733
0.882399
0.843065
0.132572
0.932232
0.878255
0.959151
0.954378
0.990305
0.224299
0.0720759
0.0702067
0.0233154
0.0814066
0.0814103
0.813662
0.844971
0.577974
0.856446
0.0406377
0.409909
0.0362564
0.0165247
0.837415
0.296891
0.974019
0.392145
0
0
0.285708
0.490529
0.304054
0.373688
0.217859
0.186453
0.216753
0.350431
0.118685
0.0950087
0.309583
0.0730633
0.0853135
0.533881
0.145139
0.15552
0.557196
0.226546
0.236931
0.370858
0.0715166
0.814904
0.227304
0.112154
0.224813
0.26356
0.128679
0.0622282
0.560451
0.102698
0.454374
0.846159
0.593227
0.758428
0.219847
0.811087
0.944881
0.436601
0.161518
0.0635666
0.531609
0.4711
0.13663
0.616923
0.0049814
0.281769
0.772443
0.562178
0.508315
0.00937371
0.933036
0.579831
0.824278
0.16034
0.691986
0.0490913
0.4239
0.820665
0.111319
0.984351
0.923363
0.565693
0.83051
0.51659
0.324121
0.050357
0.327677
0.269002
0.486958
0.489195
0.332569
0.018567
0.960295
0.469199
0.63549
0.965277
0.750968
0.407933
0.527454
0.259282
0.417307
0.46049
0.839114
0.241584
0.62083
0.531099
0.290676
0.0447296
0.351764
0.401995
0.0290804
0.275127
0.967688
0.85959
0.791717
0.291809
0.909947
0.119395
0.560811
0.396905
0
0
0.608589
0.89338
0.415472
0.568885
0.362579
0.0509617
0.534161
0.113546
0.458895
0.0616156
0.372829
0.876201
0.522106
0.211942
0.117786
0.142936
0.743042
0.408462
0.187665
0.094806
0.810457
0.216746
0.369933
0.778145
0.076336
0.161651
0.0699543
0.986283
0.281045
0.630766
0.383188
0.889635
0.524146
0.79866
0.458519
0.886724
0.849622
0.99268
0.000270607
0.308517
0.0542958
0.373099
0.184718
0.576402
0.585042
0.302504
0.719337
0.328084
0.710966
0.907003
0.42289
0.521423
0.123748
0.792823
0.299568
0.200084
0.954473
0.369522
0.186368
0.235518
0.000287479
0.569556
0.125153
0.524433
0.368216
0.583672
0.411157
0.217838
0.576352
0.411428
0.526354
0.630648
0.784527
0.711072
0.20705
0.369569
0.0135763
0.926387
0.697653
0.724542
0.83339
0.120542
0.245964
0.957138
0.913365
0.545532
0.157223
0.867838
0.915054
0.343591
0.103356
0.915341
0.913147
0.228509
0.439775
0.281363
0.812181
0.850932
0.499201
0.388534
0
0
0.26236
0.0255552
0.0191817
0.0468874
0.736628
0.226231
0.416456
0.750204
0.152619
0.114109
0.474746
0.986009
0.234651
0.72071
0.943147
0.148016
0.266242
0.10037
0.0158542
0.181296
0.44396
0.119211
0.0966374
0.357107
0.34772
0.536412
0.638469
0.159901
0.387344
0.13767
0.548435
0.649704
0.163225
0.567616
0.696591
0.899853
0.793848
0.113048
0.650057
0.946467
0.227157
0.124803
0.932475
0.461808
0.845513
0.875622
0.609824
0.111755
0.975991
0.625679
0.293051
0.419952
0.744889
0.389688
0.777058
0.0926091
0.9261
0.415528
0.25251
0.313444
0.553198
0.800945
0.963148
0.716423
0.368561
0.659739
0.616276
0.162409
0.772787
0.266333
0.108876
0.999944
0.391136
0.0413509
0.461752
0.236648
0.916973
0.0715768
0.348403
0.892964
0.697255
0.641454
0.312916
0.442145
0.0311427
0.0899745
0.534754
0.957243
0.505502
0.787264
0.270687
0.0587005
0.588209
0.233835
0.775124
0.95677
0.893575
0.3914
0.11918
0.666362
0
0
0.657733
0.228056
0.666306
0.0488687
0.269406
0.128059
0.285517
0.186379
0.199636
0.63392
0.0793435
0.896891
0.275375
0.39226
0.339036
0.306518
0.482234
0.873789
0.263761
0.987736
0.661053
0.534448
0.0464369
0.249262
0.768283
0.821561
0.206033
0.661858
0.212961
0.325212
0.32822
0.870694
0.553268
0.994526
0.919562
0.822674
0.122585
0.20508
0.00905332
0.322221
0.839
0.0883968
0.219112
0.114375
0.480656
0.558147
0.420892
0.96289
0.431937
0.684653
0.950627
0.0929899
0.219101
0.997064
0.342252
0.987384
0.818625
0.548285
0.649242
0.0315853
0.873497
0.977462
0.902279
0.426765
0.971988
0.821842
0.249439
0.094573
0.0269211
0.258492
0.416794
0.865921
0.346889
0.635906
0.980296
0.827545
0.194053
0.401188
0.790436
0.62599
0.0858408
0.741062
0.71898
0.304941
0.738126
0.0612316
0.292325
0.556751
0.609516
0.941566
0.588336
0.483013
0.919028
0.490615
0.909778
0.891016
0.312457
0.159216
0.985589
0.339378
0
0
0.417708
0.402383
0.205299
0.764597
0.0382883
0.185595
0.592142
0.232341
0.586783
0.382578
0.858331
0.672624
0.12364
0.57731
0.977565
0.861766
0.638542
0.26989
0.418517
0.248058
0.211456
0.00685277
0.731071
0.130484
0.497468
0.640849
0.0215002
0.809925
0.800065
0.0070891
0.149302
0.217773
0.409472
0.354601
0.98237
0.44776
0.540196
0.574512
0.680101
0.126979
0.95709
0.538432
0.799602
0.0807298
0.115743
0.777167
0.942496
0.754285
0.047057
0.361013
0.00234285
0.258513
0.367865
0.733414
0.388998
0.865333
0.374263
0.410498
0.675258
0.174328
0.417587
0.82456
0.392101
0.827059
0.179162
0.374471
0.274819
0.719357
0.948983
0.95492
0.846336
0.906073
0.493353
0.645938
0.986803
0.609095
0.423106
0.929299
0.36338
0.470163
0.290311
0.365723
0.728676
0.658177
0.0991368
0.117674
0.52351
0.4734
0.528172
0.198768
0.647728
0.945759
0.0233283
0.0398286
0.772818
0.20249
0.4143
0.0476365
0.921847
0.363283
0
0
0.00255679
0.768184
0.269356
0.495909
0.414122
0.256159
0.105005
0.837228
0.185458
0.468384
0.30739
0.475769
0.834107
0.0360665
0.133946
0.933244
0.15374
0.657456
0.406644
0.681912
0.856224
0.0543712
0.627671
0.879552
0.0941998
0.400488
0.082042
0.5085
0.448125
0.00388927
0.871783
0.450681
0.772073
0.141139
0.946591
0.186195
0.397298
0.0515954
0.0234224
0.582755
0.51998
0.330813
0.0585241
0.354087
0.366879
0.19247
0.287331
0.52062
0.849926
0.693974
0.202531
0.70615
0.748346
0.830202
0.585702
0.842546
0.23069
0.667744
0.351045
0.678815
0.671633
0.222828
0.129496
0.443706
0.363966
0.0760872
0.629901
0.761264
0.127683
0.653323
0.344019
0.647662
0.984136
0.402543
0.00174927
0.351015
0.595013
0.28908
0.871635
0.444939
0.983055
0.0741662
0.151089
0.7314
0.904368
0.736791
0.573946
0.135059
0.404534
0.924991
0.813874
0.0761676
0.147819
0.94337
0.519873
0.511785
0.0194572
0.149774
0.273049
0.14714
0
0
0.803097
0.617068
0.794802
0.787233
0.019611
0.796551
0.138249
0.614624
0.0856315
0.00988339
0.0595631
0.0686861
0.0840496
0.210652
0.800086
0.988418
0.947442
0.374032
0.123476
0.351977
0.299023
0.93735
0.428144
0.446841
0.88072
0.948018
0.958626
0.900177
0.0977921
0.231675
0.047317
0.90089
0.848743
0.842119
0.688123
0.868354
0.638671
0.826372
0.482978
0.724302
0.836255
0.542541
0.792988
0.920305
0.753193
0.593075
0.908722
0.700635
0.967107
0.0321989
0.0526119
0.26613
0.969549
0.480756
0.712971
0.850269
0.428774
0.671597
0.750446
0.526566
0.903272
0.797763
0.427456
0.752015
0.639882
0.115579
0.620369
0.278553
0.94195
0.103347
0.0028549
0.778205
0.645888
0.795843
0.69851
0.399081
0.388918
0.607232
0.0997161
0.356024
0.639431
0.152328
0.622154
0.60898
0.633084
0.335125
0.459249
0.0618583
0.00672253
0.209695
0.588424
0.909995
0.00745796
0.0158801
0.66201
0.64734
0.131459
0.282379
0.925893
0.0734088
0
0
0.385727
0.928748
0.851614
0.0316147
0.724591
0.550123
0.430696
0.113509
0.157355
0.530412
0.469533
0.796786
0.68274
0.091687
0.405766
0.315824
0.426812
0.865015
0.377682
0.433535
0.0747097
0.966107
0.34353
0.0821677
0.981987
0.0055399
0.729508
0.113446
0.287919
0.655401
0.186854
0.673646
0.584149
0.0384684
0.705261
0.30874
0.588592
0.135956
0.422248
0.745947
0.666368
0.891781
0.542734
0.349108
0.983468
0.9485
0.664932
0.410281
0.813515
0.0426144
0.843815
0.888224
0.00872116
0.187345
0.970392
0.990708
0.192885
0.6999
0.104154
0.480804
0.355301
0.291008
0.15445
0.93945
0.329477
0.859711
0.248189
0.918068
0.995667
0.670438
0.664016
0.662035
0.562219
0.206749
0.0111429
0.545688
0.155249
0.676075
0.955968
0.968764
0.718689
0.799784
0.856988
0.72741
0.987128
0.82738
0.718119
0.180013
0.52728
0.822272
0.660817
0.882581
0.113281
0.815267
0.82203
0.442757
0.674978
0.0702195
0.360825
0.670644
0
0
0.740657
0.0248412
0.332679
0.302877
0.23159
0.343822
0.848564
0.386839
0.0198972
0.804533
0.355603
0.738587
0.604316
0.212591
0.465997
0.591445
0.0399711
0.184116
0.771458
0.567251
0.00638783
0.432275
0.449832
0.119668
0.247542
0.271862
0.562425
0.92252
0.342081
0.923251
0.593164
0.0827384
0.948092
0.925843
0.385615
0.179683
0.269666
0.234179
0.566522
0.289563
0.0387118
0.922125
0.0281495
0.643028
0.134716
0.494146
0.234472
0.174687
0.678262
0.00593012
0.741938
0.68465
0.438205
0.19177
0.804318
0.685747
0.463632
0.366744
0.608267
0.805713
0.289995
0.201431
0.888451
0.238087
0.127274
0.274066
0.417769
0.39694
0.508245
0.984291
0.686503
0.546957
0.906416
0.714652
0.189985
0.0411325
0.208799
0.424457
0.21582
0.887061
0.430388
0.957758
0.57171
0.868593
0.149528
0.376028
0.55434
0.61316
0.742772
0.162606
0.418872
0.0327666
0.364037
0.307324
0.270853
0.491311
0.58139
0.688622
0.88825
0.089635
0
0
0.672913
0.574753
0.636592
0.57933
0.289405
0.826577
0.620462
0.498204
0.251034
0.836282
0.385264
0.681422
0.79404
0.956975
0.550015
0.943568
0.333003
0.104354
0.556728
0.0757752
0.26696
0.975601
0.108542
0.630997
0.282924
0.379395
0.122308
0.864314
0.0680173
0.0105582
0.953949
0.740931
0.585311
0.590541
0.32026
0.874717
0.417118
0.940723
0.37292
0.668153
0.777005
0.758185
0.349575
0.571045
0.715159
0.899589
0.514613
0.0481624
0.0039432
0.0713413
0.123938
0.270903
0.0469419
0.232479
0.9019
0.329866
0.611874
0.0242081
0.19418
0.679892
0.0347662
0.148129
0.420822
0.620078
0.73867
0.741083
0.494794
0.155788
0.681805
0.867714
0.82394
0.45881
0.625899
0.173515
0.0298547
0.341058
0.073104
0.544468
0.38922
0.0770472
0.615809
0.513158
0.347951
0.662751
0.745637
0.249851
0.992617
0.357512
0.274059
0.186797
0.0374035
0.308825
0.334926
0.458226
0.928903
0.073596
0.199309
0.423697
0.229384
0.881114
0
0
0.291411
0.0533243
0.339924
0.91731
0.226839
0.369779
0.258368
0.299943
0.914246
0.647589
0.376991
0.530056
0.160747
0.724941
0.192807
0.906384
0.974792
0.185424
0.263896
0.248851
0.372221
0.3013
0.557677
0.707147
0.759526
0.48658
0.780743
0.958834
0.910277
0.0101266
0.839948
0.201688
0.063451
0.179872
0.118998
0.29029
0.549651
0.377366
0.590234
0.463897
0.0249551
0.967224
0.993953
0.185702
0.692165
0.18676
0.0920861
0.666958
0.372183
0.355982
0.915809
0.744404
0.657282
0.473486
0.451551
0.416807
0.960066
0.232293
0.375642
0.870342
0.24242
0.21559
0.0720304
0.305871
0.395462
0.191028
0.596161
0.945113
0.568395
0.186395
0.409011
0.59335
0.153619
0.402964
0.779052
0.845785
0.589723
0.871138
0.512742
0.961906
0.22712
0.428551
0.70631
0.884402
0.902038
0.157861
0.301209
0.862103
0.390154
0.67685
0.732446
0.632574
0.89244
0.804476
0.938445
0.287903
0.995505
0.534607
0.233016
0.563899
0
0
0.721001
0.642027
0.157249
0.87462
0.0449904
0.936301
0.720405
0.634714
0.807439
0.233147
0.59662
0.0345588
0.661699
0.30293
0.91896
0.563736
0.460791
0.220169
0.42584
0.850945
0.89702
0.158285
0.483519
0.78946
0.962761
0.421965
0.0773631
0.958266
0.956571
0.310379
0.522165
0.677573
0.952406
0.679415
0.552193
0.997396
0.615716
0.272598
0.63211
0.423155
0.505745
0.22873
0.457713
0.167444
0.53166
0.376674
0.73118
0.992451
0.596843
0.15702
0.843396
0.493863
0.315305
0.326915
0.283323
0.278066
0.74888
0.360686
0.236332
0.705451
0.671066
0.758498
0.383024
0.623472
0.437912
0.935217
0.620868
0.0536279
0.207815
0.252978
0.476782
0.71356
0.481708
0.934496
0.881004
0.0133674
0.31117
0.612184
0.00581813
0.908013
0.769204
0.849214
0.401876
0.084509
0.176129
0.685199
0.362575
0.925009
0.0458856
0.598908
0.63046
0.716951
0.357406
0.0134841
0.340423
0.795318
0.948701
0.961291
0.848946
0.156515
0
0
0.214269
0.325728
0.870075
0.695976
0.260224
0.751079
0.709343
0.571393
0.363263
0.715162
0.479406
0.132467
0.564376
0.881282
0.216976
0.740505
0.566481
0.579551
0.665514
0.612367
0.178459
0.295975
0.329318
0.535865
0.309459
0.669741
0.331182
0.25816
0.631032
0.180128
0.414675
0.8453
0.505856
0.28475
0.541276
0.76608
0.035829
0.25062
0.337474
0.399092
0.965781
0.81688
0.531559
0.530157
0.698161
0.748535
0.270662
0.264643
0.328086
0.936176
0.877009
0.506545
0.232151
0.206327
0.0424101
0.54161
0.876068
0.373593
0.799769
0.5071
0.553721
0.214444
0.3524
0.059577
0.499194
0.893676
0.825657
0.535023
0.144296
0.163131
0.934115
0.110077
0.98001
0.465674
0.640234
0.678172
0.214209
0.910896
0.942814
0.542295
0.847072
0.819823
0.0488408
0.0792231
0.0261504
0.0912508
0.620833
0.902218
0.464843
0.420602
0.409318
0.018564
0.635047
0.761717
0.078141
0.134241
0.655393
0.903798
0.669264
0.799689
0
0
0.0669287
0.603379
0.909766
0.046939
0.0690537
0.55
0.725111
0.283263
0.460895
0.667925
0.825558
0.307968
0.487748
0.874399
0.387191
0.513899
0.96565
0.00802356
0.416117
0.430493
0.428626
0.825435
0.449057
0.0636725
0.587152
0.527198
0.197913
0.242546
0.430996
0.867178
0.0422347
0.497925
0.470557
0.952001
0.544864
0.539611
0.502
0.269975
0.822873
0.962896
0.9379
0.648432
0.270863
0.425648
0.522831
0.658054
0.939546
0.48848
0.666077
0.355663
0.918974
0.0947033
0.181098
0.368031
0.158376
0.76825
0.895229
0.356289
0.0107961
0.326225
0.223467
0.0530308
0.824151
0.694024
0.00503131
0.369015
0.233634
0.507032
0.638989
0.0565079
0.469927
0.576889
0.70494
0.74079
0.0025365
0.22777
0.398844
0.942083
0.716251
0.0649217
0.297746
0.635224
0.159625
0.478844
0.00325507
0.318001
0.247094
0.898484
0.67429
0.257891
0.22471
0.897757
0.310921
0.0488601
0.591781
0.315953
0.417875
0.825415
0.822984
0.0568639
0
0
0.881923
0.292911
0.633753
0.586863
0.033702
0.636289
0.814633
0.432546
0.578372
0.530883
0.497468
0.876118
0.166108
0.657093
0.354962
0.169363
0.975094
0.602057
0.067847
0.649384
0.859947
0.292556
0.547141
0.170869
0.341417
0.138922
0.486821
0.759291
0.964337
0.309806
0.816155
0.84626
0.602717
0.449908
0.433123
0.636419
0.0861972
0.247755
0.0689653
0.664569
0.778639
0.566433
0.540687
0.944747
0.223526
0.89565
0.11411
0.19862
0.497706
0.181957
0.848004
0.357654
0.474513
0.395145
0.528522
0.81593
0.534067
0.0153436
0.575221
0.498404
0.325149
0.391376
0.344664
0.927866
0.841284
0.777786
0.564285
0.927481
0.0255419
0.633251
0.59205
0.804181
0.199684
0.132738
0.748928
0.42321
0.0283872
0.863037
0.621831
0.526093
0.0449936
0.469835
0.883747
0.519507
0.86498
0.412269
0.335436
0.399047
0.427613
0.910657
0.897451
0.752762
0.302033
0.242115
0.680628
0.143317
0.0199018
0.244914
0.0707981
0.0454437
0
0
0.878164
0.662848
0.849625
0.077848
0.795586
0.598552
0.501058
0.823973
0.461589
0.122889
0.350067
0.506583
0.592724
0.233814
0.0260896
0.457704
0.646083
0.361526
0.856752
0.073696
0.272183
0.754203
0.826458
0.574216
0.996318
0.507086
0.717533
0.0162201
0.752
0.788331
0.0616638
0.630164
0.45118
0.911288
0.708012
0.246766
0.509841
0.20907
0.0707392
0.97143
0.331959
0.420806
0.478013
0.924683
0.65462
0.504102
0.382387
0.300703
0.865628
0.239139
0.374399
0.137811
0.993342
0.200857
0.712027
0.98966
0.707944
0.42956
0.00588019
0.459944
0.217891
0.067544
0.0901077
0.669071
0.978832
0.79812
0.915837
0.488673
0.00719023
0.986576
0.460103
0.339149
0.407382
0.938116
0.263833
0.0620017
0.442218
0.64622
0.362705
0.307846
0.885359
0.737104
0.445657
0.8787
0.937961
0.157684
0.86836
0.645905
0.587244
0.874241
0.105849
0.805136
0.941785
0.195956
0.474206
0.920617
0.994076
0.390043
0.40929
0.0012665
0
0
0.376618
0.869393
0.340416
0.784
0.807509
0.604249
0.846002
0.249727
0.250468
0.208707
0.557573
0.135827
0.945811
0.00323034
0.014527
0.883772
0.160915
0.882887
0.529677
0.748159
0.757128
0.635526
0.553295
0.698913
0.831483
0.0275009
0.61953
0.825559
0.417544
0.0288196
0.826825
0.794162
0.898213
0.167241
0.578162
0.705721
0.77149
0.424164
0.955448
0.021958
0.632871
0.513021
0.157785
0.578682
0.516252
0.172312
0.462454
0.677166
0.0551991
0.992132
0.425325
0.812327
0.627658
0.97862
0.51124
0.459141
0.00612078
0.130769
0.284699
0.423664
0.159589
0.111525
0.217827
0.0578014
0.278766
0.795989
0.763523
0.0502557
0.220153
0.718971
0.0722137
0.853024
0.231992
0.229998
0.431707
0.748244
0.40231
0.894161
0.42541
0.457509
0.886293
0.850735
0.269836
0.513951
0.829355
0.781076
0.973091
0.835476
0.911845
0.257791
0.25914
0.0714335
0.369315
0.476967
0.129235
0.648081
0.272956
0.892758
0.698337
0.493109
0
0
0.611729
0.770551
0.346133
0.843721
0.000548997
0.77784
0.591964
0.402859
0.672001
0.0173741
0.860368
0.558294
0.868109
0.130205
0.0722449
0.697464
0.91128
0.0453363
0.53294
0.823125
0.303127
0.792081
0.894559
0.672442
0.269048
0.0237936
0.320524
0.542003
0.916551
0.0188606
0.0351123
0.52828
0.789411
0.381246
0.372
0.78996
0.159086
0.963965
0.192819
0.831087
0.981339
0.0531877
0.389381
0.849448
0.183392
0.461626
0.546913
0.0946726
0.506962
0.0798529
0.917798
0.810089
0.871934
0.812357
0.482532
0.140981
0.83615
0.803055
0.682984
0.752701
0.821916
0.718097
0.280981
0.611327
0.0993425
0.652982
0.401287
0.258428
0.616946
0.594106
0.0895151
0.598285
0.647294
0.478896
0.447733
0.830686
0.940522
0.994646
0.925359
0.447484
0.0744986
0.843157
0.257573
0.946432
0.655513
0.740105
0.0874134
0.491664
0.54316
0.770398
0.244365
0.365076
0.488495
0.525346
0.976403
0.587837
0.178328
0.37769
0.846265
0.795274
0
0
0.971796
0.93578
0.393559
0.61909
0.414676
0.841292
0.449777
0.355198
0.835938
0.375136
0.802682
0.910436
0.218293
0.0602548
0.856868
0.873806
0.800359
0.944282
0.365469
0.343519
0.71468
0.609834
0.708595
0.203174
0.13518
0.684998
0.791011
0.313508
0.0626874
0.637276
0.108782
0.0344837
0.573057
0.502341
0.653574
0.987733
0.343632
0.103351
0.342931
0.17957
0.478486
0.145612
0.0900062
0.696779
0.205867
0.946875
0.570585
0.00622665
0.891156
0.936054
0.349746
0.605836
0.545889
0.058341
0.80901
0.681069
0.743339
0.600021
0.994577
0.806026
0.237297
0.103359
0.84051
0.810354
0.605699
0.494084
0.798087
0.949332
0.597434
0.141017
0.128902
0.0759207
0.28663
0.218908
0.7727
0.492497
0.165783
0.343284
0.498724
0.056939
0.279338
0.84847
0.662775
0.825227
0.906811
0.471785
0.506296
0.650149
0.0718063
0.500873
0.456175
0.309104
0.604232
0.296685
0.119458
0.209932
0.790769
0.917544
0.159263
0.388203
0
0
0.0585619
0.288165
0.464124
0.345192
0.507073
0.236823
0.837689
0.672856
0.580107
0.336412
0.729795
0.859446
0.184882
0.39257
0.684673
0.0916924
0.864355
0.190969
0.741842
0.936161
0.691842
0.198017
0.245265
0.296074
0.494702
0.364722
0.506006
0.28547
0.282267
0.665269
0.673673
0.340829
0.953434
0.137797
0.68602
0.460508
0.37462
0.523709
0.133363
0.954727
0.860121
0.863158
0.814173
0.0450034
0.255727
0.498846
0.136696
0.120082
0.689815
0.878537
0.0562431
0.381657
0.0765542
0.301508
0.677732
0.571256
0.66623
0.183738
0.856726
0.948497
0.849007
0.5304
0.289326
0.802441
0.668196
0.975347
0.262949
0.0428164
0.499056
0.396312
0.997544
0.359177
0.25947
0.811717
0.404181
0.515198
0.310563
0.540876
0.63528
0.000378381
0.419414
0.691523
0.382036
0.495968
0.993031
0.0597677
0.0672239
0.659261
0.243505
0.92395
0.607758
0.0925125
0.45435
0.897084
0.894954
0.122546
0.872431
0.157903
0.165363
0.371486
0
0
0.554215
0.162906
0.730663
0.813686
0.974623
0.134844
0.328883
0.285187
0.67572
0.964163
0.285565
0.095134
0.655686
0.667601
0.591102
0.648717
0.727369
0.658326
0.307978
0.970874
0.582276
0.915736
0.0633865
0.0366259
0.81282
0.95834
0.159172
0.68525
0.116243
0.324535
0.0567364
0.670459
0.487441
0.7874
0.484144
0.462065
0.922244
0.813028
0.747251
0.597964
0.777191
0.0328162
0.693098
0.432877
0.700417
0.2842
0.0815939
0.427786
0.942526
0.389572
0.39866
0.524802
0.305307
0.462046
0.561428
0.118127
0.420386
0.7206
0.803377
0.53663
0.0451347
0.860114
0.207089
0.532576
0.647513
0.691233
0.99464
0.569757
0.504261
0.741892
0.167721
0.281452
0.774708
0.860819
0.714329
0.475125
0.145019
0.795923
0.90291
0.0875444
0.185494
0.30157
0.612346
0.490802
0.763616
0.173774
0.608929
0.184002
0.894374
0.412306
0.720632
0.939509
0.27242
0.927721
0.472085
0.919933
0.618954
0.466725
0.48969
0.123216
0
0
0.208617
0.657411
0.404668
0.983324
0.51823
0.118997
0.458449
0.663248
0.914919
0.361359
0.750793
0.100414
0.662929
0.363139
0.591216
0.426545
0.536913
0.200144
0.610547
0.431288
0.61245
0.33118
0.370796
0.88487
0.258901
0.842881
0.804803
0.877855
0.309606
0.294493
0.00107104
0.518223
0.951904
0.405739
0.501547
0.470134
0.524735
0.959996
0.133382
0.439655
0.321355
0.884175
0.540069
0.984284
0.247314
0.131284
0.410829
0.784228
0.331429
0.0213767
0.215515
0.943879
0.352557
0.586312
0.828749
0.611458
0.429193
0.633553
0.489313
0.738799
0.928046
0.490384
0.257021
0.87995
0.896123
0.758568
0.350084
0.420858
0.718564
0.483466
0.860512
0.0399189
0.367641
0.400581
0.0242031
0.614956
0.531865
0.435032
0.399183
0.863294
0.456409
0.614699
0.807173
0.808966
0.20101
0.635922
0.420423
0.630203
0.269475
0.909736
0.369002
0.197521
0.40012
0.626023
0.0774709
0.296243
0.384591
0.427555
0.717101
0.103155
0
0
0.911021
0.577613
0.143074
0.278662
0.978194
0.167277
0.893618
0.510059
0.60231
0.292801
0.373353
0.0587187
0.9075
0.180526
0.867684
0.10851
0.816449
0.288107
0.738713
0.0859237
0.197844
0.107715
0.283445
0.597964
0.733739
0.360915
0.894207
0.11833
0.78847
0.611308
0.221485
0.699491
0.188921
0.364559
0.978154
0.167115
0.531837
0.871772
0.677174
0.134146
0.164573
0.0505268
0.192865
0.072073
0.231053
0.0605491
0.180583
0.0475015
0.348656
0.919297
0.133425
0.5465
0.0270119
0.41687
0.144464
0.76075
0.777785
0.0386708
0.87908
0.566255
0.649978
0.100565
0.265747
0.838899
0.465125
0.2439
0.00601364
0.996961
0.115672
0.683187
0.131107
0.280245
0.733714
0.323972
0.352318
0.964767
0.384521
0.532901
0.0122687
0.733178
0.452198
0.145694
0.279678
0.47921
0.562564
0.424142
0.23996
0.340349
0.462813
0.11904
0.906604
0.112791
0.219606
0.172351
0.95169
0.68473
0.416251
0.957704
0.681692
0.531923
0
0
0.640891
0.812799
0.812168
0.374605
0.136772
0.164485
0.339372
0.521293
0.697386
0.351641
0.254471
0.149584
0.497335
0.534149
0.628794
0.0598986
0.95829
0.868754
0.400247
0.421103
0.987794
0.306851
0.533894
0.207399
0.479202
0.485584
0.89213
0.895453
0.443288
0.573821
0.427375
0.0841786
0.386621
0.239543
0.458784
0.523392
0.404028
0.798156
0.0446851
0.101415
0.149797
0.299156
0.250999
0.647132
0.833304
0.879792
0.707031
0.791595
0.748546
0.107278
0.212698
0.73634
0.414129
0.746592
0.943739
0.893331
0.232176
0.835869
0.788784
0.675463
0.40969
0.216159
0.759642
0.796311
0.455702
0.218426
0.319703
0.859731
0.0165819
0.364388
0.961145
0.166379
0.663544
0.212144
0.813511
0.496849
0.0919366
0.520542
0.288444
0.840483
0.62782
0.501142
0.576822
0.041949
0.247734
0.520561
0.93528
0.479909
0.35643
0.724064
0.155373
0.76612
0.940224
0.915015
0.562431
0.395926
0.133441
0.882134
0.255656
0.150023
0
0
0.246523
0.216802
0.316402
0.910067
0.428946
0.129913
0.406916
0.520882
0.650455
0.695359
0.361365
0.278274
0.196501
0.938187
0.320223
0.444234
0.458749
0.255503
0.924144
0.815179
0.979568
0.0795168
0.581299
0.919791
0.994532
0.143731
0.315717
0.127972
0.0258651
0.571374
0.277995
0.272388
0.788175
0.594397
0.182455
0.217121
0.724309
0.589371
0.738004
0.374764
0.28473
0.0993687
0.653038
0.481231
0.0375561
0.973261
0.925465
0.496305
0.228765
0.849609
0.311484
0.208332
0.929126
0.892783
0.128124
0.923658
0.0365137
0.443841
0.0516303
0.0623788
0.0152144
0.329625
0.334767
0.80339
0.924022
0.517222
0.0205107
0.648331
0.106592
0.758514
0.0230949
0.391322
0.857883
0.676133
0.872553
0.895439
0.649394
0.798019
0.391744
0.878159
0.647628
0.703228
0.0864913
0.576754
0.596011
0.214615
0.500412
0.632524
0.658456
0.552042
0.694903
0.67367
0.881668
0.0296701
0.47706
0.80569
0.546892
0.49757
0.454021
0.653484
0
0
0.256085
0.477116
0.0448065
0.113968
0.153248
0.91736
0.00940693
0.802643
0.715379
0.401151
0.680801
0.363007
0.104379
0.767293
0.939761
0.700389
0.981908
0.440173
0.332914
0.640363
0.992216
0.0278173
0.314033
0.873883
0.0574874
0.791093
0.679573
0.604379
0.288664
0.133594
0.257863
0.544749
0.610709
0.30267
0.658716
0.763957
0.220029
0.668123
0.5666
0.935408
0.0692742
0.247401
0.298414
0.173653
0.014694
0.238175
0.874042
0.996602
0.678348
0.206956
0.636965
0.670564
0.234774
0.950998
0.544447
0.292261
0.742092
0.22402
0.89664
0.0307553
0.357614
0.154503
0.575504
0.968323
0.457173
0.23422
0.73228
0.677202
0.902344
0.29888
0.61261
0.971618
0.546281
0.911025
0.145271
0.560975
0.1492
0.0193129
0.557577
0.827549
0.226269
0.194542
0.498112
0.461043
0.14554
0.0425597
0.753304
0.887632
0.26658
0.649944
0.918387
0.624193
0.804447
0.493891
0.592516
0.26162
0.728111
0.324796
0.938822
0.630455
0
0
0.623676
0.551433
0.602073
0.169958
0.462458
0.747343
0.730933
0.611658
0.766656
0.28851
0.439206
0.992925
0.483052
0.937319
0.453968
0.628592
0.979878
0.207272
0.516224
0.246458
0.857216
0.434611
0.870651
0.661663
0.928502
0.463168
0.923283
0.656614
0.787964
0.862105
0.287068
0.41164
0.413538
0.889141
0.581598
0.875996
0.636484
0.312531
0.487653
0.40314
0.601041
0.926859
0.396065
0.0840931
0.864178
0.850033
0.712685
0.844056
0.0573051
0.228909
0.090514
0.914521
0.663521
0.961165
0.576184
0.592023
0.424333
0.499467
0.248636
0.212297
0.361572
0.535705
0.623937
0.77511
0.424846
0.205535
0.651106
0.0613298
0.518066
0.138759
0.46447
0.119107
0.0656183
0.860535
0.2032
0.929796
0.710568
0.915886
0.773852
0.767874
0.144795
0.864366
0.682394
0.808316
0.825532
0.258578
0.400338
0.249865
0.758045
0.648975
0.462161
0.119617
0.18468
0.0860982
0.894727
0.609525
0.291633
0.545832
0.670855
0.809699
0
0
0.684591
0.135325
0.928806
0.75021
0.99586
0.132006
0.680006
0.706429
0.0478918
0.453858
0.474302
0.192687
0.318224
0.156697
0.00100223
0.143756
0.415275
0.401341
0.39362
0.173319
0.0503154
0.855782
0.292936
0.234995
0.94188
0.187663
0.84452
0.233513
0.733495
0.515376
0.0432117
0.418086
0.650701
0.972018
0.168296
0.646561
0.104024
0.848301
0.35299
0.151916
0.302159
0.827292
0.344603
0.620383
0.983989
0.345605
0.764139
0.399263
0.746945
0.157759
0.572582
0.797261
0.0135407
0.865518
0.0322558
0.95542
0.0531809
0.876776
0.188933
0.786676
0.392152
0.232145
0.204762
0.0428526
0.204163
0.373058
0.689414
0.308187
0.221359
0.0424032
0.460102
0.523518
0.869695
0.804705
0.143901
0.853684
0.15031
0.90804
0.252947
0.897255
0.0657991
0.825529
0.694516
0.0793398
0.691048
0.726771
0.0347602
0.744229
0.603548
0.223693
0.530904
0.9957
0.455838
0.735666
0.0385522
0.660001
0.108724
0.727966
0.968187
0.330083
0
0
0.770369
0.42829
0.853601
0.640064
0.232994
0.997502
0.493748
0.383304
0.905542
0.746695
0.280559
0.971341
0.572224
0.975075
0.0506807
0.263272
0.701846
0.085441
0.0075008
0.305394
0.309134
0.538405
0.301093
0.764973
0.274072
0.339646
0.424973
0.382795
0.0676114
0.393161
0.712878
0.83798
0.82145
0.566479
0.478044
0.0544446
0.56398
0.971792
0.437749
0.469522
0.718487
0.718307
0.440863
0.290712
0.693382
0.491544
0.553984
0.395228
0.576985
0.561484
0.700622
0.886119
0.0998897
0.00171559
0.651092
0.373961
0.341361
0.076065
0.756757
0.408973
0.469226
0.469634
0.246953
0.290676
0.036113
0.724997
0.34512
0.600093
0.69679
0.782869
0.0696153
0.415277
0.501176
0.510478
0.705989
0.194558
0.00202197
0.259972
0.589787
0.579007
0.821457
0.290409
0.465126
0.921346
0.292124
0.116217
0.295308
0.633486
0.192282
0.0520641
0.0424582
0.661508
0.521699
0.289411
0.952183
0.557812
0.0144084
0.297304
0.157905
0.711198
0
0
0.0801726
0.22752
0.126475
0.581349
0.737998
0.832464
0.775907
0.74002
0.0924358
0.365694
0.319027
0.913893
0.656103
0.784153
0.835239
0.948227
0.90037
0.130547
0.581713
0.0926523
0.182611
0.624171
0.75416
0.704309
0.913582
0.706344
0.262121
0.92799
0.00364736
0.420026
0.639189
0.0838199
0.647546
0.765664
0.665169
0.385544
0.598127
0.441076
0.125564
0.690563
0.80677
0.444591
0.604456
0.462873
0.228744
0.439695
0.4111
0.129114
0.570241
0.992813
0.221767
0.752852
0.616984
0.975927
0.457161
0.530566
0.68227
0.719282
0.458556
0.685918
0.139307
0.0977444
0.769737
0.786853
0.863408
0.434906
0.172397
0.461535
0.875982
0.297961
0.152098
0.682752
0.742553
0.756554
0.145625
0.971297
0.196249
0.556725
0.100411
0.76649
0.549537
0.322178
0.519341
0.166521
0.298104
0.976502
0.697086
0.980375
0.695784
0.155642
0.666292
0.835091
0.253387
0.43603
0.621944
0.116795
0.870936
0.794341
0.57833
0.746918
0
0
0.092302
0.730429
0.42967
0.834855
0.486983
0.575295
0.806152
0.683231
0.13202
0.906563
0.449721
0.681557
0.228741
0.969062
0.848078
0.526845
0.945565
0.545164
0.50722
0.641348
0.700807
0.173512
0.476439
0.954193
0.609541
0.0983831
0.0709883
0.480477
0.892724
0.649318
0.227395
0.985026
0.379747
0.657065
0.81988
0.86673
0.23236
0.626032
0.549961
0.36438
0.532595
0.999682
0.045937
0.761336
0.968745
0.894015
0.288181
0.914309
0.439179
0.795401
0.555658
0.139986
0.968913
0.0320971
0.0941794
0.578454
0.13048
0.165168
0.0589309
0.0232039
0.814486
0.286326
0.00822957
0.194233
0.943391
0.82811
0.0609631
0.175751
0.454142
0.610924
0.540131
0.986738
0.610606
0.586068
0.748074
0.579351
0.480083
0.0362554
0.49366
0.919263
0.831656
0.0493181
0.0592486
0.800569
0.0814152
0.153428
0.379023
0.211895
0.318596
0.437954
0.235099
0.133082
0.72428
0.243329
0.327315
0.667671
0.0714388
0.388278
0.843422
0.525581
0
0
0.999202
0.383553
0.512319
0.609809
0.969622
0.260393
0.18916
0.449705
0.296648
0.68282
0.368967
0.128305
0.732139
0.428216
0.928874
0.813554
0.581644
0.307897
0.025449
0.90024
0.745851
0.260548
0.0333217
0.470131
0.503877
0.360637
0.137801
0.575316
0.748915
0.981224
0.100897
0.748118
0.364777
0.613216
0.357927
0.334399
0.873609
0.547087
0.784103
0.170258
0.229907
0.153071
0.298562
0.962046
0.581287
0.227436
0.775599
0.162931
0.535333
0.801048
0.0631708
0.281184
0.0615964
0.0964926
0.751315
0.565473
0.457129
0.889116
0.140789
0.206045
0.87034
0.241686
0.954162
0.235117
0.854903
0.312089
0.569515
0.728512
0.859176
0.353618
0.898769
0.0890826
0.506689
0.197332
0.0511282
0.0879763
0.424768
0.826727
0.250907
0.960102
0.627776
0.314078
0.241286
0.689372
0.410571
0.9926
0.254845
0.8677
0.881716
0.395635
0.0737449
0.752056
0.637321
0.0279073
0.987173
0.492224
0.339996
0.556688
0.220735
0.199172
0
0
0
0
0
0
0
0
0
0
0
0
0
0
0
0
0
0
0
0
0
0
0
0
0
0
0
0
0
0
0
0
0
0
0
0
0
0
0
0
0
0
0
0
0
0
0
0
0
0
0
0
0
0
0
0
0
0
0
0
0
0
0
0
0
0
0
0
0
0
0
0
0
0
0
0
0
0
0
0
0
0
0
0
0
0
0
0
0
0
0
0
0
0
0
0
0
0
0
0
0
0
0
