0
0
0
0
0
0
0
0
0
0
0
0
0
0
0
0
0
0
0
0
0
0
0
0
0
0
0
0
0
0
0
0
0
0
0
0
0
0
0
0
0
0
0
0
0
0
0
0
0
0
0
0
0
0
0
0
0
0
0
0
0
0
0
0
0
0
0
0
0
0
0
0
0
0
0
0
0
0
0
0
0
0
0
0
0
0
0
0
0
0
0
0
0
0
0
0
0
0
0
0
0
0
0
-0.925565
2.00183
1.79394
-1.02725
-0.824915
1.23957
-1.09912
2.08487
2.98434
1.61776
-0.510025
0.521378
0.746941
0.633229
-2.36012
-1.60546
0.854579
-2.67028
0.16422
-4.16999
0.383465
1.22535
-0.881863
-0.970245
1.57442
-0.106052
0.170232
2.81674
-5.81619
0.273873
-2.61849
1.67663
1.38899
-0.27311
-0.949187
0.727409
-3.96374
3.41734
-0.506241
1.79284
0.689596
-0.61858
2.43922
-2.46348
0.0341197
2.62758
1.61653
1.00763
3.13224
1.42558
-2.19959
2.53523
-1.49217
-1.09095
0.687704
1.09409
-2.39213
-0.9476
0.84286
-0.0321971
0.551592
-3.81289
-1.97693
-0.996338
-2.34547
-0.889706
-4.76058
3.48769
-1.15592
0.0694907
1.5804
-5.62734
0.217048
3.10645
2.12723
-6.48564
0.258827
-1.21131
2.99814
0.814173
1.52345
-3.57051
3.63561
2.98517
-0.227515
1.26847
-1.19126
3.92645
-1.18201
-1.1474
2.32334
-3.94232
-3.67095
4.08261
2.93585
2.90909
-0.117802
2.86276
3.35887
-0.378765
0
0
-2.31404
-1.18711
-1.25843
2.08716
0.353252
-2.61196
1.97598
-1.69106
-0.522629
-2.67434
3.71203
-0.960082
2.66848
1.46648
-1.33592
-0.127964
-2.44768
-2.12885
-1.51714
-2.1644
1.38325
0.569201
3.04535
-0.264077
-0.140416
-0.791467
-0.676351
0.065584
-1.47957
0.919431
6.15915
1.58834
-0.0294503
-0.46556
-2.86502
-1.54363
0.467757
2.93442
6.58675
-1.14768
-0.425764
-0.809504
1.48601
1.72201
2.15003
3.54756
4.16538
-1.92563
1.18433
1.88418
0.204962
0.79989
-2.35948
3.69268
-0.510422
-2.60088
1.75527
1.41398
5.13163
-3.88296
0.169897
-2.11841
-0.125767
3.63692
-2.70235
10.9893
-3.39235
-0.0128483
-1.36744
1.14121
1.53188
4.0654
-0.16776
2.39991
-4.05512
1.84439
4.2208
0.563433
0.408185
2.2234
2.34935
1.13959
-1.21348
-1.53377
4.37446
-1.54231
1.00793
2.79153
3.78899
-1.00635
-2.04062
2.30665
4.71007
3.52049
-2.29853
0.484939
-1.91665
-1.1316
5.25742
1.23109
0
0
3.04413
0.955168
3.26615
-5.10956
3.84716
1.05878
5.85125
2.60067
-0.857357
0.727409
-1.36552
1.39705
2.12876
-0.184301
-0.831507
1.76659
3.05408
-3.07529
3.02393
0.871944
-1.20631
0.907651
-1.16907
0.448286
2.85421
-3.19752
2.1702
6.51112
0.119602
-0.208228
0.62334
1.36048
-0.893826
3.72802
4.16065
1.77685
2.20286
4.38462
-4.32704
0.242103
-2.2053
2.73376
2.83242
2.7608
1.34519
6.89514
-1.83477
4.43837
4.41673
-1.35939
-2.77154
-1.48531
1.6024
3.09803
0.209876
-1.37138
-4.07596
-1.06211
0.577715
2.86856
1.78478
-0.683004
2.09806
-2.25617
5.58461
-4.36671
4.88977
-0.600574
2.03058
3.52379
-3.53099
3.9975
0.339793
0.215644
-4.88842
1.64476
-0.0630819
4.7195
0.772118
2.57457
-0.203253
2.31635
0.753136
5.49767
2.78967
-4.60839
1.10102
2.35865
0.00555408
-0.11771
1.15525
-0.0259712
-2.11759
-2.41896
0.403394
0.154912
-0.600116
-0.289437
0.114963
1.84387
0
0
1.85406
-0.190375
-3.53819
1.91613
5.18046
0.0876796
0.338328
-2.68236
-1.21598
1.55104
-2.34529
-0.280038
3.80602
1.35981
-3.92813
1.78155
-0.376202
-2.95215
-1.0979
0.641438
2.39695
0.0827968
1.42463
-4.23676
0.721671
-0.90582
1.60323
-0.859432
-0.497268
0.607624
-0.023591
1.71969
-0.477889
-0.113254
-0.753624
-1.76037
-2.02814
-1.2353
3.51122
-3.89843
-0.565142
1.52178
-2.36933
-0.172063
3.74285
-1.95172
2.63717
0.538774
-1.14789
1.63326
0.77279
3.42708
-2.41005
-2.82925
1.37709
0.357372
1.05387
5.43031
-4.00403
-1.05246
0.544603
2.57497
1.91232
0.143284
-5.47704
-2.15928
-0.499344
-0.538499
-0.979797
-0.605975
3.20096
-1.53609
1.53081
2.36076
-2.07303
2.3744
0.88757
-2.84399
3.08484
-0.903836
4.74993
-0.767205
0.627461
0.101627
-2.11472
-0.704062
3.9556
0.012421
2.57891
-0.177984
0.558336
1.61641
0.0688496
3.13059
-5.56087
2.13279
-0.133671
-2.08118
1.61876
1.35859
0
0
-1.22947
2.03381
1.4503
0.371075
-2.01605
-0.393749
-0.587603
1.26679
1.07938
-0.0274973
-0.296579
-2.68358
-2.49434
1.87753
2.44578
2.24766
3.35966
-0.183508
1.47114
-1.43901
1.03101
0.290414
-1.93411
-2.35972
0.0117191
0.176977
2.01392
-0.313333
-2.58751
2.77853
1.93219
-1.84411
-0.776604
2.5371
0.100039
2.30381
-0.222816
1.11933
-1.61776
-2.08704
1.0918
-0.718223
-0.937101
2.55318
0.646168
4.01401
-0.566301
-1.15387
1.44185
1.54079
5.90539
0.191076
0.886135
1.05359
-0.0849026
-0.0985137
-1.61229
-1.65395
-0.551287
-1.88198
-1.507
-0.924558
0.475509
-2.80825
1.31584
2.95392
1.28523
5.8084
-2.54347
2.02469
4.03345
2.38322
-0.0941191
4.93487
3.0723
-0.935087
2.36744
0.918912
0.147343
1.5417
-1.02304
4.31538
-0.222968
0.459456
2.68856
-0.0758996
-3.40117
1.53258
-1.28312
-1.21427
-1.31886
0.353343
-0.421369
3.86093
-1.84417
0.179662
5.35374
0.253151
1.57704
0.271401
0
0
4.42393
0.593707
0.992218
-0.770989
3.25556
1.80892
-3.06143
2.89608
-2.61394
0.106296
-0.776269
-0.10828
-1.57747
-2.19861
2.4716
0.176641
0.94055
1.72738
-0.0176091
3.73898
0.532243
-0.912687
7.24302
3.21226
1.83279
0.21305
-1.68526
3.41661
0.378735
-0.499344
-5.93628
0.35847
3.19062
-0.958556
1.80136
1.06906
2.93551
-2.12391
2.01251
1.58339
2.61394
0.716453
0.948424
-5.34281
5.78561
-1.73168
-5.56511
2.88488
-3.52513
-3.60085
-0.657552
-0.907285
-3.94366
0.983337
2.18003
-1.62011
-7.36616
-1.49666
1.89496
0.225654
0.991272
-1.15818
-0.33018
2.98865
-0.208624
1.11649
0.411969
-3.31455
-0.413739
0.429029
1.06174
3.20725
-2.82894
0.91055
-0.157353
0.048494
0.537522
-2.41005
0.00454742
-0.522202
-2.103
-4.53603
0.0522477
-0.108615
-2.92087
-1.36769
1.13886
1.61641
-3.99371
5.06952
-1.15354
-2.50218
-0.514328
0.596515
-0.70632
-4.16471
0.425886
-5.95672
-0.0211802
1.99921
0
0
-1.09879
-4.58541
1.60012
4.20826
3.28672
-0.582507
2.94241
0.349284
-5.27824
2.05054
-4.55586
-2.32102
0.726035
0.260414
3.53078
-3.89081
-3.87115
2.46132
0.303964
-0.360485
0.431349
-1.03217
-3.08509
-2.26026
1.60073
-0.825587
1.4489
0.461989
3.55269
1.74673
-2.87408
-0.816706
1.71987
1.5099
-1.29115
0.263833
2.97937
-1.97568
3.36778
2.72073
-0.206427
0.642354
-1.37339
2.33088
-2.80245
-0.182684
2.5277
-2.93173
-0.089633
-1.77761
5.16837
4.80227
3.04077
-2.66491
0.393719
1.83444
3.76485
-1.61016
-1.36158
-0.77221
-0.575641
5.09375
-0.217811
0.459853
3.03818
-0.287088
3.60045
2.89663
3.3112
-0.783105
-4.3621
3.92843
-4.68007
2.25855
-3.66796
3.46013
1.90213
-2.82012
-2.14228
3.69341
-3.76379
6.0069
0.247016
1.40953
-2.74691
0.0970182
-2.72707
0.248909
0.624164
0.439344
0.904721
0.966063
0.1395
3.23395
-0.550432
8.65584
-2.42189
-0.962157
-2.31687
-0.0172125
0
0
0.719962
2.21821
-0.355083
-2.42793
4.1485
4.31062
4.15403
1.77374
3.56328
-2.63482
2.1793
8.73629
-2.16974
-2.31849
-6.27088
0.0422682
-2.23634
-0.635304
-0.498398
2.74364
-4.06882
-0.277596
4.1547
0.328562
-6.00592
2.52434
-0.695212
-0.991027
0.535661
2.2031
3.30952
2.27265
0.412336
-3.22587
2.36256
-4.13105
-1.07791
0.819788
2.11478
-5.4568
1.28776
1.02689
1.93771
-1.01041
-2.40324
3.69594
0.189978
0.808649
-2.21595
-3.74126
-1.80209
3.43767
3.06638
5.88058
-1.27265
0.314096
-0.432447
4.79727
-3.53774
6.14884
0.34019
-1.58266
4.56117
-0.261269
-2.75646
-1.5399
-0.837611
-2.45961
1.66063
-1.48601
-1.10373
-1.22605
-3.47713
-1.07581
0.594928
-2.61757
2.18513
2.52974
1.3647
-0.730888
1.67498
-0.696615
4.95309
0.9523
-0.644368
0.523606
-1.1442
-1.18577
2.17884
-0.615863
-5.12302
-4.30055
1.29218
3.01947
0.563067
0.604206
-0.542864
4.30308
4.54555
-2.04501
0
0
1.03388
-3.0434
-1.91894
1.04868
-3.67571
-0.3849
1.37968
-0.0113529
0.833308
1.58403
1.00204
-1.59658
7.10297
3.88177
1.73852
-13.9566
-2.64861
-2.14695
-2.55214
0.965423
0.749138
0.881863
1.93197
0.068514
2.52821
2.08683
3.51051
-0.684225
1.64879
0.159063
0.859004
-3.40788
3.57283
2.44139
-0.242958
0.332285
1.48186
1.55004
-1.88516
10.1664
-2.61531
3.28681
0.661488
3.11328
1.26481
3.31614
0.95935
-5.17936
-0.119572
2.31269
-2.10831
1.26136
-3.00415
-0.49562
-2.21851
-1.43815
3.65816
0.519822
0.170324
-5.2089
0.630299
1.12708
3.86612
-1.06571
-3.55785
0.608325
-0.296487
4.62993
-4.57326
1.84188
-0.0490127
3.77712
0.367229
-0.469802
0.580462
1.71783
0.715628
-1.69265
4.78121
-1.36619
-1.35044
5.14548
-2.79873
1.65722
1.61876
4.4358
0.600909
2.03201
2.03391
-0.18656
-0.211249
6.61705
6.13559
-1.02145
6.18793
0.665181
-3.39235
-1.22929
-2.19807
-3.11704
0
0
0.858363
-3.57375
0.73577
-2.13507
-2.90643
7.70437
0.113926
-1.41194
-0.831996
-6.32118
0.622516
0.804132
1.06513
2.19486
-0.430159
3.37391
5.43474
0.222175
6.13733
1.52855
1.10498
1.32542
-0.458571
-1.85769
5.03415
-4.20225
1.90643
1.11249
3.2002
4.96979
-0.279427
2.31843
3.33354
-1.24406
4.48341
-1.35307
0.401502
-0.298532
-0.0605793
-3.3513
2.23835
1.96524
1.53163
-0.551256
-0.671773
1.64211
-0.490677
1.48613
5.22547
0.4391
-0.306711
-3.17087
0.0368359
-1.06925
3.26948
5.69588
-0.424756
-4.58449
2.61696
2.28074
-0.853175
0.799982
1.79568
-1.54463
2.24473
-0.457381
-4.16224
-0.731651
1.3126
0.398267
-1.6765
-1.27271
0.477126
6.36522
-0.640309
2.02643
-0.949187
1.76659
0.747765
2.15775
4.27915
1.17505
-0.734825
-1.39259
1.74624
-4.8084
0.873898
0.890042
-1.32084
-1.88269
1.76653
-0.453658
5.38923
-0.706198
0.705252
-0.658406
4.13172
0.388989
-5.68981
4.55351
0
0
-3.39677
4.01413
-1.99866
2.64049
-0.412488
-1.84771
-3.59789
1.72527
-2.74853
7.34428
-0.910153
1.17667
6.36375
0.337321
-2.02219
2.29884
-2.95373
-0.17362
-1.33518
-1.29255
2.03812
1.09235
6.06397
-1.69253
0.693015
0.0571003
-1.44224
-4.64193
-0.365673
1.70617
3.66399
-1.57976
-1.32167
4.50346
0.0656758
-3.34336
-1.56331
-1.57591
7.2899
-0.661214
0.640888
-2.05918
-3.69436
1.56688
-1.56444
4.63286
-2.24174
-0.836299
-1.30274
0.597491
4.67009
-1.28932
3.01016
1.37049
-0.990173
1.69893
-1.52562
1.55556
-0.850063
0.178655
-4.33647
2.67834
2.78463
2.08173
-5.69973
1.46861
-0.648396
-0.604541
1.39409
2.44404
-1.29569
-5.77935
0.853481
-0.983367
-0.624317
0.0113223
-1.87411
3.28761
-2.05676
1.68014
1.19239
3.36857
0.537095
1.4171
3.35212
0.708487
-4.38453
1.53093
-0.0173344
-3.65221
-2.85464
-1.57747
-1.21772
2.10492
-1.82171
-0.798273
3.05634
5.26865
1.52864
-2.86401
0
0
1.9248
-6.54817
-2.51793
3.02966
-1.125
2.19535
4.24082
-0.773888
0.972991
-0.422376
1.82379
1.27918
-1.03446
6.96222
-3.1937
-2.73168
5.9451
-4.78967
0.337993
1.57405
0.473708
2.13474
2.72198
0.50502
1.36204
-0.994812
3.46208
1.61971
3.85791
-0.411329
-1.77371
1.45296
1.6191
-3.14737
-0.184546
1.60439
-1.03406
2.85922
-1.75005
-2.34513
2.1688
-3.1171
0.765526
1.12155
-1.70815
0.817713
-1.19675
5.2725
-3.65966
0.32551
-1.28843
4.16901
0.538988
0.37019
-0.470138
-2.09668
0.657003
-0.57149
5.93847
-3.25178
-0.353038
-2.79626
-0.223029
-0.309824
1.72561
-1.74322
3.16593
-4.77956
1.43782
1.04718
2.17139
3.43883
0.546434
3.46956
1.91031
3.54665
-0.862972
-3.23496
0.381787
-0.766808
1.26374
2.96399
2.70754
1.43474
-4.03925
0.661489
3.00729
1.06568
1.3462
-0.893216
1.19077
0.476058
-2.16318
1.09156
-1.83761
0.515244
-1.09995
1.19242
-4.78045
1.18122
0
0
4.50856
2.0727
0.893063
0.332652
-7.26472
4.55367
-5.98148
-0.366558
-6.60744
0.923765
1.29038
-1.44551
-1.97824
1.27653
3.55428
-1.39259
2.36537
-1.41417
0.162389
-1.77392
2.33616
0.378796
-3.85748
1.33055
-2.91549
0.481002
1.7597
2.05887
0.206122
2.04642
1.34867
1.80154
1.41371
0.56621
2.95926
0.424757
-0.314707
-4.73363
-1.31889
2.73431
0.680227
-3.9577
4.69436
2.6625
5.15409
-1.11216
2.48125
0.864711
-0.47203
-2.0896
3.87231
0.622669
1.49156
0.563494
-4.63918
4.34989
-1.22684
2.7094
-0.263802
0.687827
0.729118
-3.3086
1.11847
2.12458
0.222602
3.31516
-2.60765
4.05322
-2.72948
1.51228
-3.39048
0.112583
-1.7347
0.412519
-0.841884
-1.25315
-1.31684
-1.60146
0.760033
5.06568
-1.78121
1.66573
-2.42051
0.611591
-4.6368
-0.228431
-0.0404673
-1.21393
1.07743
2.49815
2.52428
2.63677
1.80749
0.195166
-1.97238
0.930998
1.96622
7.51604
1.0195
-2.18329
0
0
1.97839
1.00272
-1.88946
1.93512
0.0241706
-2.34785
1.28382
-1.55895
2.69588
-0.731224
-2.04093
1.59426
1.26191
-3.05319
1.39268
1.51567
0.00274667
-0.0199897
1.1435
1.07801
0.611683
-2.17649
0.676382
2.30934
-3.6624
-1.57759
-1.19199
5.65215
-0.332713
2.91266
-1.20719
1.45058
2.74224
-2.82983
-2.20832
3.26118
2.62056
1.56362
2.8461
-2.73046
1.04178
3.78231
-5.1341
0.675832
0.574908
-1.16468
-0.579485
2.30073
-0.0463577
-1.84667
1.63225
3.8829
-4.19895
1.78677
0.329325
-2.32524
0.430555
0.565935
1.13379
0.259591
-0.599933
-0.253487
-1.82995
2.91498
0.263039
1.85028
0.346507
3.78274
-3.89886
-3.05325
1.22407
0.276223
0.436293
1.51317
1.31547
1.04376
0.166509
2.48338
-4.01581
1.01163
3.25761
-1.07651
0.666066
-0.576922
3.47496
-0.653829
-0.809198
-1.27082
-0.112003
-0.5768
-1.7915
0.909421
2.67492
1.2808
-0.253822
0.703726
4.84655
0.145482
4.59355
-2.76867
0
0
1.53029
-0.445326
4.16877
-4.39604
2.57436
2.53417
2.11847
0.0329602
3.03116
4.67721
0.200751
1.18332
-2.19236
2.03739
2.90683
1.76806
-4.5136
1.408
-1.40339
3.17566
-1.03995
-0.104038
-1.57186
-1.76116
3.73342
2.73412
2.86489
0.532121
-1.40992
10.1975
-2.37086
-0.301767
-3.66457
-1.15113
-2.93243
1.78674
-3.63674
-3.90735
0.116184
0.0415659
-1.02258
0.586749
1.8056
3.96554
-1.57378
3.0951
4.30415
0.149113
-5.52077
-3.38096
-0.240425
-3.0517
4.12479
-0.275185
1.12806
0.395398
-4.53978
0.880795
-1.67321
1.30421
-0.538774
1.55086
-1.73074
-0.584155
-1.55702
0.440504
-0.883175
-6.03049
1.13517
-1.16517
-1.39909
4.07617
3.59371
3.36979
-7.85418
0.389019
-1.08841
-2.21339
3.79757
0.561174
3.4955
1.05118
0.76339
-0.524521
5.99072
-0.496567
5.31584
-1.21555
4.27656
-1.08588
-1.52855
-1.94412
-1.54686
2.89654
1.08573
-1.51009
-2.09131
1.41374
-2.68957
-0.327433
0
0
0.748161
2.22053
-1.64119
-0.83346
-2.1829
2.48656
1.51564
-2.56682
-1.60204
3.67071
1.83847
1.52669
1.3545
-4.14579
-2.06241
-0.109134
0.751549
-1.78994
1.93854
-1.31782
1.6552
-2.86209
4.04532
0.631031
-1.13651
-1.28861
4.59059
0.117649
-3.13318
-6.94226
1.14795
-2.28318
-0.606739
-0.456252
3.25639
3.47072
1.98065
4.31938
1.24693
-3.09186
4.55232
-0.48262
-4.21604
5.07907
-0.978332
2.28739
-5.0853
1.04019
5.08057
1.31175
2.89364
1.77886
0.621754
-0.586993
-2.60714
2.84329
-2.14756
0.554735
-2.59899
-0.192785
3.99274
-0.524033
1.49702
6.52651
-3.33332
3.66652
0.82754
0.356395
2.24256
-2.30381
-2.85501
0.542955
-1.94357
-0.473648
-3.10297
3.47444
-0.273965
-2.67476
-0.315714
-4.12372
0.625416
0.61449
1.0531
0.302835
-1.70483
-3.45891
3.12604
3.44401
2.03848
-4.66042
-0.655324
3.08237
3.1811
0.249336
-5.0564
2.0441
3.03308
1.50203
0.488906
-2.37385
0
0
0.251625
0.42436
-1.65917
-2.68187
5.58867
-1.49336
-0.0704672
-2.47087
-0.0548416
0.0176702
-0.695364
1.83889
2.39845
3.7575
-0.456618
0.943968
1.92657
-2.0672
-1.86547
-0.458205
-0.574816
1.54637
0.701193
0.44853
3.36421
-2.3769
4.20319
0.342753
0.543016
-0.0864894
1.66478
2.63857
-2.331
-3.64278
0.969176
0.41258
-3.89019
-0.925077
0.74575
1.88891
1.3628
-2.06937
-1.29588
0.0582293
-1.13144
-5.24793
0.788202
1.43498
0.240669
-1.40013
-1
2.01798
-1.74725
-1.71218
4.66466
1.06958
1.64974
-1.19901
-0.892422
-5.02194
0.773278
-2.44227
-1.09012
2.43016
0.695578
-1.40822
0.502152
0.54091
-0.086764
2.39174
-3.98852
0.751641
0.547685
-4.97336
-0.300241
1.70061
-2.68902
5.83258
-0.0960722
-0.292672
0.698538
-1.15354
5.34425
2.62282
-3.42695
1.66677
1.49495
-0.00784338
-0.120304
-1.76983
1.29835
2.59319
0.766533
2.40538
0.110324
1.12381
6.31715
-1.2328
4.78268
-1.19868
0
0
2.05533
-3.98724
3.16166
3.81213
-2.21891
0.488937
1.14994
2.71456
4.08371
5.24317
1.58724
3.77361
-2.73193
1.6765
-3.20624
3.1879
-1.98413
-1.78317
0.3755
0.22898
1.72985
-4.32243
2.20942
-6.69756
1.76235
2.17869
1.09955
-0.613269
2.74529
0.866817
-0.467483
-0.661733
0.381451
1.22367
1.3618
4.86935
-4.90338
0.309641
-1.51305
1.0036
1.75829
0.208289
1.25926
7.09729
0.484695
5.51036
-2.03946
3.13266
-0.761406
-1.06751
1.30631
-0.0138556
1.12082
-3.02936
-1.59093
-2.50987
4.70248
-0.931852
-1.06601
-1.33796
0.181493
-4.00076
-0.256416
5.39921
-5.89508
4.46782
1.7705
5.13822
-1.68651
4.78588
-2.93115
6.11686
1.20872
-5.52095
1.3104
0.151952
4.70507
-1.45042
3.36573
0.274453
-0.811396
0.903836
-4.52751
-0.711509
2.52824
0.276223
6.16092
-3.98297
5.73724
2.93768
-2.46821
3.04395
-0.849941
-3.54494
0.558733
-0.989502
0.481918
-3.34837
0.528855
1.10309
0
0
-2.65786
2.25373
-3.49641
-0.834834
1.86535
1.266
2.71441
-1.75152
-3.15003
1.16352
1.24531
-4.04236
0.699637
0.219001
3.69488
0.9841
1.65816
0.0711998
-1.39766
-2.12461
2.68609
1.78204
-3.43248
-0.0739769
0.369305
-1.49626
1.63942
1.62746
1.6765
2.17405
-4.15323
-0.209052
0.0532242
2.95483
0.0735496
2.22721
-0.413068
-0.181951
1.58193
-1.76858
7.6238
-6.4265
-0.366894
-4.37825
-1.86215
1.37425
0.715842
0.483779
-0.225593
-0.839839
-3.50786
-0.955443
1.35084
0.279183
4.8067
-3.31971
3.08014
0.662252
-1.33283
-0.68157
2.61263
2.83209
-0.105655
0.680776
1.1128
0.868862
1.52089
-6.54448
0.271493
-2.21442
-0.0929594
-0.0174565
1.44166
3.56301
2.24085
2.00418
-4.46889
2.34138
-2.2837
1.90829
1.33631
-3.46275
3.15604
-0.401105
3.37461
2.48097
6.31111
2.32286
2.68026
0.605853
1.49779
-0.240059
5.71737
-0.412855
-1.14423
0.809809
0.246834
1.53591
-0.418897
2.07434
0
0
1.52181
-1.17243
5.92972
-1.26719
-3.88229
2.99979
0.475021
-0.758629
1.75637
-3.11142
1.09906
1.7495
-4.02933
0.605792
5.03436
-2.39961
-3.08377
-4.22742
2.73934
1.64998
-0.792352
-1.97391
2.10959
2.52187
0.912931
6.62429
-3.85122
5.27415
-2.23536
3.46733
-0.557116
-1.33601
-0.925077
0.577258
-0.772118
1.39232
1.01056
-1.66826
2.99399
2.2577
1.19218
0.539994
3.64312
2.40254
2.292
4.79794
0.574999
1.21305
2.86828
-3.33714
1.9386
-0.323954
-0.207678
-4.02634
2.18482
3.68102
-2.93753
6.1055
-0.0997649
-1.60726
-1.11249
-2.49794
4.00485
1.4547
-0.942656
-0.762291
-2.06644
4.31315
-2.17881
1.52474
-6.29286
-5.96368
0.902737
0.711936
0.388989
-2.88217
-2.16861
4.28956
2.51241
-1.14701
-1.74935
3.80514
4.8825
1.76659
0.0625629
0.863308
-0.00631738
-4.05878
0.321574
-2.60604
0.24189
-1.2526
-0.827998
1.83987
-3.96405
2.90002
-0.606586
1.50188
-2.24699
4.65835
0
0
1.83029
-0.679464
-0.0642415
0.359355
0.620686
0.23191
-0.217414
2.86978
1.81735
3.9595
0.290231
-1.55422
0.455763
1.86541
0.0569475
-3.9472
0.0699788
-0.44023
-2.30399
0.0345165
-1.38731
4.62066
1.5331
-2.01361
0.470077
2.48985
1.74505
0.942503
0.89874
3.1915
1.38032
3.49144
-2.11249
3.42753
-3.34187
-2.92569
2.91537
5.07685
1.91458
0.432234
1.6773
3.72781
-2.0015
2.54439
-2.02118
-2.73119
0.205512
3.05548
2.49181
0.616138
-1.4546
-1.519
1.6625
2.67724
-0.620716
-4.21528
0.194769
-3.13352
4.49532
2.62496
3.54427
-0.794092
4.6314
-0.460952
2.63353
-2.02127
0.261666
-1.77264
-0.664174
1.94028
2.8377
0.868343
-0.473433
-4.77016
3.17795
4.13404
2.61083
-0.858333
1.86435
1.64025
1.63994
0.565996
-1.33735
-0.758049
7.42299
-2.24967
-1.81289
-2.97391
-0.796838
-2.36818
-0.358226
1.25477
3.11869
-0.348186
-1.19855
-3.06302
3.32209
-0.221259
0.51027
1.35517
0
0
-0.950438
2.78033
-1.16935
0.458144
0.753166
4.10846
1.7943
-5.67397
1.3607
-0.463271
1.28193
3.78729
-1.63424
-1.63808
-4.87774
2.17621
-1.61806
2.08969
-0.816492
-1.16843
2.70351
-7.03912
2.13022
-2.50957
3.22117
-1.77941
-1.23991
1.75997
2.18238
-0.624195
-1.88986
1.08444
5.29426
-2.8815
1.86886
1.02728
1.2053
1.3357
1.46675
0.431166
-1.52159
-1.34843
2.02335
-0.744713
0.86874
3.63903
-4.90875
0.591937
3.28089
3.99579
0.608173
4.51152
-1.95578
-3.36482
-3.65651
2.07065
3.65712
4.74517
0.169683
1.31291
3.82894
0.5721
2.82665
-1.32487
2.77383
-6.57826
3.33976
2.49352
1.69314
-2.82907
-0.102206
2.02591
-3.04428
-0.610034
3.19974
0.0184639
3.30644
-3.51143
-2.64528
-2.92526
-3.38279
-2.61589
-0.501694
-0.895077
4.94012
3.48268
0.656941
3.86901
1.618
0.339122
-0.497055
-0.410962
-2.43318
4.88189
-0.0555437
-1.79644
0.199408
1.305
-2.58556
1.09876
0
0
-0.966613
-0.0890835
-1.71572
-0.329691
-2.02441
-1.00372
-1.61873
1.08588
2.71548
-1.06815
-0.541276
1.58501
-2.48784
3.79403
2.61626
-1.29713
-1.96179
4.89581
4.84228
1.25666
0.533281
-1.67107
0.532731
1.74169
1.69152
0.573687
-0.812281
0.503464
-6.15632
-2.61788
2.05551
-0.924589
2.21357
2.02448
0.929808
-5.35301
1.26035
0.972869
-2.4134
1.17859
0.382153
-1.15223
2.0217
0.733329
0.734886
1.50374
-3.58016
3.79357
-0.342204
0.927396
2.26051
0.915159
0.177923
-3.00467
2.45311
-1.69967
-1.11502
2.84277
-6.36882
3.2103
1.87365
3.88894
0.820826
2.1222
-0.472885
-0.440321
-1.53249
1.31562
2.71813
1.90945
2.75488
-1.12119
-1.67885
0.275521
-1.62291
4.30717
-0.0731221
1.86001
-1.37803
-1.47786
0.0973235
0.980926
-1.81347
4.00134
2.60106
0.303781
-0.573443
1.05063
1.70647
0.0244758
-2.19718
-1.20115
-0.36845
1.41835
-6.53371
3.70437
-0.50734
2.04447
-6.59539
2.96857
0
0
2.58394
1.65722
-0.165899
3.28721
-3.91256
0.289682
1.18195
2.60942
-1.66906
2.04743
-2.12189
-2.6776
6.695
2.20246
-0.405927
-1.32118
-0.945525
0.0353099
-3.58861
2.53389
2.76366
2.06995
0.237678
-2.77422
0.272164
0.62975
-1.01456
-2.94122
1.33897
2.14972
2.28217
2.88153
-3.21216
-2.13623
4.46513
5.56984
0.594592
0.841914
4.20945
1.42155
-5.30894
1.36332
2.99676
-0.457991
-1.6325
3.20533
-1.96017
1.83312
-1.40135
2.70067
1.27937
3.02451
1.16822
1.40382
-0.951293
-1.70946
0.547746
5.08173
-0.515549
-0.423505
3.56865
-0.986419
1.88327
-3.23692
3.04242
2.59212
0.255013
0.252327
0.959563
2.62551
-0.779992
2.64879
-0.97354
5.47316
-0.12009
1.76659
5.78985
-0.368511
2.94201
0.203467
1.88238
0.86111
-1.16169
1.95605
-0.3773
3.40086
-1.96304
0.462569
-1.60695
4.49348
6.59801
-1.40437
-2.30488
3.28333
3.96417
-0.891812
0.909665
-1.3513
-3.54067
-2.43043
0
0
-3.22272
0.338511
1.04117
-3.18128
1.18873
-3.17029
2.27018
0.411786
-2.90149
3.43648
-1.76229
-0.620838
-0.977935
-0.582232
1.36903
-2.76489
1.16105
-0.0188605
-1.19086
-0.891659
2.80041
3.91763
-1.18906
-6.20713
5.61672
1.19895
7.33509
-3.26835
1.36372
0.377026
5.69967
1.05084
-1.66955
1.785
-1.07474
2.06064
1.24168
-2.32789
1.58919
-1.07163
3.33555
0.586718
-1.7225
0.642262
2.29695
2.19449
-2.16883
2.30811
-0.543046
0.038789
-3.77828
0.830836
0.73159
-3.00452
-2.17316
-0.766595
2.29606
-0.894101
-0.694357
-1.47493
-0.963225
2.37025
2.82195
-0.991455
-0.272073
-1.50972
-1.22868
-0.622578
2.72811
-1.66625
3.35682
0.500259
-0.603473
-2.06681
0.796411
-1.44172
-3.61892
-2.29429
1.59905
1.66344
-3.0668
2.07706
2.28355
-0.574938
-0.676412
0.433759
3.24805
1.44053
1.95724
0.0274361
-3.2534
0.432569
-0.09769
-4.25172
2.25498
-2.45256
-2.26246
-2.70913
-3.13862
-0.196173
0
0
-0.81521
2.8161
0.0941192
0.664937
0.878414
1.88733
-1.05167
3.64089
-1.75109
2.81564
-0.802057
2.80868
3.87594
0.958342
-6.50215
2.93396
-3.67598
-2.93481
2.55873
-0.522843
0.835597
-1.5443
-0.883938
4.40635
-7.33171
2.15293
0.258522
4.48936
-1.30683
-3.12412
-4.74963
-1.22111
4.81021
-1.30659
2.61696
3.9913
-2.3805
5.09409
-0.4738
2.54549
-5.17075
2.28538
1.94662
-0.606067
0.270852
-1.45567
2.6606
2.35469
0.838343
2.61434
4.89157
0.223517
-0.688864
0.662679
3.49016
-0.132389
1.50377
0.416852
-1.53331
0.509049
-1.78967
2.3036
-0.479201
3.01862
1.54973
2.41716
-2.46107
-0.0926542
-0.0861233
-1.0777
-3.00266
-3.58525
-0.371013
0.350658
-4.39744
3.0062
-1.06763
2.25837
-2.6328
-1.43983
1.95752
0.062868
-2.39531
0.207587
0.497696
4.06156
0.0358287
0.279397
0.774621
-1.29316
0.370617
5.78933
-2.72457
0.681906
3.92471
-3.03165
0.666433
0.963256
-5.39769
1.76128
0
0
3.85824
1.65694
0.528123
-2.37257
0.0320138
-4.11023
5.92019
-1.92624
0.534562
5.38176
0.754112
-1.15091
2.22419
-4.17402
-0.678945
4.85669
-2.62401
-3.10492
-0.195135
-3.76507
4.16181
-4.43059
2.74865
-1.47902
-1.1345
0.601337
-0.492141
-1.73302
4.03845
-5.20698
0.25251
-0.389477
-4.58901
1.2808
-1.04511
1.62502
0.872036
-3.48381
5.70278
3.06793
3.28495
1.16398
-3.45003
1.44401
1.50291
4.03546
-0.693228
-3.56719
-0.158483
3.34874
0.634754
0.49147
-2.30958
3.02463
1.06748
1.57179
1.00061
-3.75356
0.956298
6.39381
-1.19727
1.66811
-4.57915
1.97736
2.54054
-2.52794
0.647908
-0.87112
5.70275
-3.43785
5.85388
1.51552
2.56389
-2.88534
-1.43513
3.05237
-1.63567
1.68514
-0.623768
-2.23267
1.35359
1.28251
1.41597
-1.58913
0.461836
-0.737999
-0.453536
-2.75439
-3.10627
-0.457442
2.58068
0.0793786
-3.44099
2.5457
-5.26194
8.26096
1.64058
0.339579
3.40336
-1.10434
0
0
-0.136509
-0.115299
0.586261
-1.49791
1.22037
1.63384
3.21494
1.93091
0.445356
-5.16831
-2.17972
-0.830592
-1.34379
-1.43461
2.46211
-6.04071
1.83776
-0.0404979
-0.449538
3.90124
-4.00397
3.22559
1.07242
1.90304
-3.03589
2.04025
2.84478
-2.19269
-1.96362
6.74972
-2.36329
2.45222
-4.23234
4.30409
1.49113
2.66124
2.32795
4.25355
3.16172
-0.138371
-1.51946
-0.551805
-3.90289
0.245155
6.91928
-2.57149
0.160619
-1.5157
1.18082
-1.51238
-2.99667
4.11426
-0.00271624
2.39973
-2.54085
-3.14429
0.653981
3.26521
5.50533
2.02326
-7.46666
-0.032014
1.93085
-3.8771
1.83953
3.06943
0.748375
1.47566
-1.51537
6.68465
-0.897122
-0.017884
0.917631
4.01462
-1.70635
-4.40724
-0.539018
0.712363
1.49028
7.59716
-2.05527
2.38456
3.4037
-0.178777
-0.540819
-2.73489
-3.69457
1.47978
-1.58708
-1.37297
-0.27958
-0.174261
-1.13825
-0.300424
-0.698538
-0.260415
0.970061
-1.92801
-3.65734
0.556383
0
0
-3.34236
2.44459
2.30342
0.630421
1.39964
-0.644795
-2.83981
0.270241
1.32597
1.65117
2.77718
-1.80581
-2.20655
2.06937
4.58663
-1.17307
-0.652699
2.5436
-3.65847
-1.33387
-0.984985
2.7033
-3.07706
0.983398
1.15809
-1.27332
0.452864
2.33409
-4.31953
0.926084
-5.46474
-4.24671
2.10556
0.989166
1.62722
-2.82305
0.794702
0.600452
1.33659
0.873653
-0.598193
-0.830592
2.28974
-1.69481
-0.653584
0.0688801
-0.175146
0.38078
-1.12128
2.96451
0.125522
3.20881
-0.354564
-0.970306
-0.240058
2.17798
-3.52083
-1.54881
-0.400037
-4.11777
2.44542
3.3375
-3.15668
1.28651
2.12983
-0.406476
0.435591
-0.575732
2.92624
-1.4835
7.69744
-0.395245
-2.55647
2.84732
-5.29841
0.16187
1.63826
-0.497787
-0.162847
-3.00241
-2.70684
3.04889
0.662801
5.1955
-1.26008
-2.14899
0.342784
-0.468886
-1.36039
2.14634
-1.60341
2.35942
-1.33427
0.156255
0.024018
3.92877
-1.24421
-2.21262
1.15787
-1.58553
0
0
-1.51186
1.32939
-4.58599
2.34773
-1.0423
-1.18473
0.396405
5.67846
-0.215156
-1.37315
1.46702
2.71157
-2.80285
-2.61138
-0.541276
-2.55934
1.20985
3.56722
-1.38011
1.05301
2.49962
-3.26215
-0.36903
3.44047
1.0918
-1.06726
-2.16117
-2.78823
0.855526
0.34492
2.46538
0.541368
3.05478
-3.6784
2.82446
1.9067
1.21284
2.67214
-3.28025
-0.5703
-1.39735
-0.481674
0.443464
2.76034
-1.14612
2.5212
-4.14103
3.75021
0.778131
0.0350658
-1.5294
0.392468
-0.0899075
-1.88098
3.0119
-2.66057
2.75234
-0.615589
2.29984
1.93121
-0.894253
4.97427
3.59795
-2.519
-1.41285
-0.995666
6.61861
0.478073
-1.0969
3.61876
-5.61309
-2.64281
-0.921567
5.14197
3.55217
1.09281
0.546617
-0.184698
2.07297
-3.56172
0.515824
7.40407
-1.28278
2.34172
-0.38084
-3.79995
-4.1973
3.91321
4.48213
2.18946
0.754723
2.86798
-4.14859
2.40013
3.88742
-0.36198
-0.64214
-1.09873
-0.546312
-4.314
0
0
-3.42854
2.10184
-0.810816
-0.890316
4.6195
3.20081
-4.95245
4.90887
1.24006
-0.136265
-0.974212
0.669454
-1.09146
-1.8403
1.56911
-1.08939
1.68566
-1.42186
-1.23728
-0.646901
2.68288
6.56398
2.35853
-0.217719
6.08829
-2.23246
1.54405
-6.17255
2.02399
-0.619923
0.439467
0.545183
0.0648519
1.62288
-3.05725
-0.185003
-1.96341
1.18714
4.38441
2.72542
0.033906
4.38221
-1.8543
-1.38527
-0.865871
-3.99268
0.690207
-1.16953
-0.488052
0.82577
-4.97824
5.45979
3.44136
0.010956
-4.48851
-1.32615
1.20518
0.803186
-2.84811
2.23014
0.164281
-2.76983
4.90539
5.4264
1.48296
3.34135
-2.87545
3.97513
-1.0332
-1.14982
2.59096
2.58846
-2.95251
0.520219
2.39103
0.593005
-0.0193182
1.57793
1.31388
4.46687
0.932371
-1.74343
3.05167
-2.32612
0.0406812
3.01749
-1.62938
4.02521
1.54033
2.51213
4.84225
0.952513
2.14817
-2.47731
1.55153
3.82684
-1.92801
0.719138
0.406232
-1.20814
0
0
-0.872341
0.397717
-1.66353
1.46406
0.516679
-2.65807
-1.86795
0.496811
1.84903
2.6324
2.3968
0.744072
1.44905
-1.0694
-2.01929
1.85958
0.04239
0.35612
-3.67278
0.0135499
-2.005
0.691427
0.278695
4.96948
-1.02426
6.32975
1.2996
2.01325
-1.20838
-0.0683308
3.11567
0.238228
4.76824
0.0101016
3.86373
-0.21482
1.76833
-2.65535
-1.68593
0.417737
0.259133
-3.87133
0.352641
3.24711
2.21967
0.328654
0.370708
-4.96545
0.380016
-0.24308
2.85565
-0.952208
-1.20957
2.31492
2.44588
-1.01068
-2.81542
0.435804
-1.99911
-1.66814
1.90265
-5.99783
-0.781823
-4.35704
-0.838862
0.55681
2.03104
1.73724
1.71426
-0.455183
3.79363
1.69674
1.40046
4.10401
-0.615894
-0.715934
1.99619
0.937468
2.04141
-1.55916
-0.000854552
1.15638
2.32633
1.31455
-0.120975
0.461074
4.30644
-0.705527
-1.50508
-3.59667
-1.382
3.92477
-4.40452
0.851588
5.27531
2.46962
1.2768
0.835719
-3.6501
-1.43919
0
0
2.15943
4.803
-0.852382
2.85943
0.103885
0.433912
-0.255318
-0.931211
2.84695
-1.67846
2.4637
-2.12018
2.88229
-0.985076
0.94351
-0.796106
7.1652
-1.61971
1.2251
-1.20273
0.332133
0.73043
-0.338786
1.75958
-5.06439
-3.0575
-3.82763
7.44627
-2.15232
-1.00485
-0.0286569
0.419874
0.842341
-0.287454
0.876339
3.46001
2.85553
-0.574664
-1.68136
1.74126
2.67302
-1.91815
-2.34404
0.205115
-1.93597
1.78573
-1.99017
1.12058
-1.71346
-0.755943
-3.38664
-1.51833
-0.753655
0.14362
1.27979
1.05951
-2.41981
1.90619
2.22767
1.46669
-3.5566
0.772271
1.39
1.0654
-1.88372
0.284554
-1.91308
1.53883
3.1157
2.8591
0.704123
1.42283
0.962004
-0.466994
6.01196
-1.50899
6.80056
5.14695
1.51244
0.5374
-1.60219
7.81124
2.01346
2.8244
1.31867
-3.23231
-3.46043
0.452803
3.80581
-0.879757
5.02005
1.63182
-0.569536
-0.53618
-0.731468
-4.00729
0.597339
1.25605
3.46968
2.18781
0
0
5.20997
-1.73846
3.28974
0.857753
-0.266488
-2.90249
-1.11704
-0.513138
-4.18314
0.876186
1.39076
-2.59566
-1.59951
-1.80554
0.311899
-0.928099
1.35472
0.226173
-5.86068
-0.296457
-0.958403
4.15503
3.22831
-0.585467
4.16373
0.504227
2.0293
-3.22092
2.23756
0.0151372
3.47276
0.335643
2.93182
1.8619
1.38282
1.652
-2.22004
3.36473
1.47871
0.855464
1.9324
1.26856
0.352947
3.28129
2.19312
-0.286599
-1.09894
-3.40944
2.50938
1.65737
0.00170904
0.536363
-2.67794
1.43025
4.46019
-0.0255744
-3.18574
0.822443
-2.42909
-0.624714
-0.0617085
0.177984
-3.73714
2.65099
2.56935
0.590991
-0.174688
-0.125645
1.97934
-1.11161
-1.50655
1.13157
2.54616
-0.458876
-1.17612
-2.77245
3.99734
-2.8305
0.694754
0.782373
2.23048
-4.75817
3.1742
4.23359
-1.46818
-0.50148
-1.96484
2.45476
-0.605121
3.16098
0.109378
-0.0145879
2.66814
-2.02963
-7.25758
0.131565
-6.04968
2.45058
-4.62777
1.81982
0
0
2.25175
1.91864
-1.8768
5.88275
0.633076
1.4673
-6.81442
4.03577
2.99521
0.203925
1.75655
-1.85308
0.626423
-1.12284
-3.4275
-2.0484
2.02435
1.78896
2.10013
2.61382
-1.13138
-3.69216
-3.58229
1.88797
-2.51286
-1.15119
1.52858
2.84268
0.951598
-1.241
-0.067507
0.142674
-1.1204
3.55052
-3.42573
0.170629
-4.09052
1.11017
-1.64476
3.88162
-2.05643
-2.38539
1.34782
-0.0656148
-1.16739
-0.571764
0.905728
0.740806
1.79128
-1.7188
-1.92047
1.68416
-6.01486
1.88543
-3.45772
-1.74798
-2.42058
0.849818
2.85717
0.584704
0.155462
0.165502
-0.0243537
-0.150823
-1.56594
-0.328623
3.69424
0.890194
-0.525498
-0.621662
1.83032
2.43562
-3.09275
6.2598
1.47304
-1.88064
1.13895
1.06665
0.862148
-1.9631
-1.96243
2.68532
-0.711173
0.0954316
-0.481246
2.22837
2.01987
-1.78014
2.82022
-3.81854
1.26002
0.652059
0.290017
0.0680867
3.80255
1.22044
-0.921323
3.11859
1.05362
5.09882
0
0
-0.665578
2.56914
2.64052
0.666036
-3.25642
-0.784967
2.04941
0.672994
3.01196
-0.554308
-1.08829
3.85864
-1.82369
2.99048
0.305948
2.82604
-0.0634176
0.436811
3.32978
-3.76205
1.30369
1.08997
1.1225
0.788415
1.48463
-0.279733
0.00540173
1.26835
6.36921
2.39567
2.53932
5.05463
0.301828
0.63979
1.52953
3.41215
-2.12073
-7.39415
-0.229041
-1.60009
-5.43028
1.53322
3.13492
-2.19382
1.19022
-2.24299
-0.830256
-0.609149
1.4449
1.5895
-1.39192
-3.966
-5.62719
0.9317
-3.64141
4.72292
-1.31813
-1.73907
-3.03562
-0.867061
1.20887
6.36445
-3.5486
-2.92691
-3.56987
6.52461
1.89227
-1.7633
-1.31593
1.30332
2.3976
-6.41737
3.50069
5.07889
-0.882534
5.83718
-2.96725
-2.84677
-0.325419
-2.48198
-2.89068
1.13251
-0.971587
1.31617
-3.02054
3.24128
2.9223
2.86508
-1.38017
4.19678
5.89755
-0.890713
0.553453
-1.76366
2.48952
-2.85867
2.91232
-0.326762
-0.605029
-1.20862
0
0
2.05286
2.1073
-0.510727
-0.153722
1.22175
-0.676351
-1.62813
1.56554
3.56249
2.91101
-0.59624
-2.59859
0.00454736
0.770898
2.01025
-0.261299
-2.08927
2.43782
-4.17472
1.72198
-1.23832
4.98007
-0.194891
-1.47197
3.17368
-1.79788
-1.33296
-1.15281
-1.0076
-0.136723
-2.51064
0.655019
2.14615
6.82644
1.6043
1.63155
-1.23423
3.70431
-0.269753
0.705283
-0.563158
-5.58724
1.59828
-0.0674153
0.54326
-0.119938
-6.33531
1.39329
-0.461318
1.10446
-0.473007
1.45009
1.63173
-0.309091
5.88574
0.0234993
2.71789
0.981689
1.69631
-0.490188
2.41475
0.32609
-0.872952
-2.06522
0.130161
1.99347
-0.0767541
-1.06525
5.07465
0.976653
1.04144
6.08991
1.41701
-1.35145
-0.761498
-4.81384
0.500229
-0.855892
2.46144
-2.8605
4.95227
1.5902
1.854
1.59099
0.437605
0.187689
-0.0810878
3.81207
-0.70391
-3.59239
1.90796
1.45116
0.597827
1.49315
0.0455642
2.935
-1.40876
-2.00372
4.17176
4.56877
0
0
-3.93692
-3.66491
-3.07559
-0.430952
-3.34138
3.88379
-3.92175
4.49745
-1.01511
0.957518
2.05271
-0.852321
-1.25349
1.27268
-0.0107732
0.414899
3.01627
1.71331
-2.75249
1.47682
2.03754
0.939512
-3.33702
-4.01215
1.13938
-1.33857
-3.53365
-0.217353
3.66369
1.38292
-1.21805
-0.503281
2.60689
-1.26676
0.439986
-4.45421
2.85299
-3.3065
-1.37867
3.44392
-1.80758
5.27366
2.93704
4.3668
2.69616
-3.94922
0.393414
-0.0230717
-0.770897
1.79418
-0.163579
-1.61971
-0.65624
0.421827
0.706809
-1.41746
-3.2613
0.912321
-0.0611286
1.61135
0.396924
1.0419
-0.503677
-4.00601
-1.93197
-1.7073
-2.90982
-0.864223
-2.03626
-1.72869
1.79046
1.9881
-1.91348
-6.31074
2.25007
6.46727
-3.13532
5.40843
0.0996431
2.02844
-0.391583
0.704184
1.48085
-3.84899
0.547716
0.90109
3.1854
-1.47133
-2.68343
1.96735
-3.76406
-0.613147
-0.783075
0.681539
-1.93133
1.15143
0.104923
-0.070223
2.09485
0.426313
0
0
3.14777
0.8876
1.98453
3.25758
-3.76943
0.083285
2.85376
0.0126042
-2.56465
-0.277932
-4.14219
-0.640126
-0.282205
3.82034
-0.856349
1.23573
-1.71233
1.40602
-0.299051
2.79461
0.699789
-3.74096
-1.76638
-0.0416578
1.69945
-1.64135
-0.996002
6.11798
-0.26368
-0.597858
5.60607
0.872341
-6.15424
-1.60387
3.23621
-3.10413
1.83413
-1.84368
0.365002
1.9241
-4.98901
2.58782
0.915708
0.818262
-1.79443
-0.523606
1.60353
3.21552
-2.50032
-0.733055
-1.43037
0.301248
3.90909
-1.9975
-3.84118
-2.9856
2.34217
-2.45363
1.62914
3.29011
-6.55147
-0.62682
1.63958
1.06748
2.16156
2.21064
3.36048
-1.84426
-0.731437
4.69085
-0.0133367
4.27247
-0.879421
-0.645009
0.573077
0.549455
-0.324076
3.8323
-1.5042
2.30341
-0.0414442
-1.09494
0.764306
3.55678
0.105686
-1.01996
1.65716
0.0238653
0.830805
-0.343181
6.25901
1.54036
2.69274
-3.44523
3.33726
-2.46617
0.534684
-3.60741
0.654134
-2.48534
0
0
-2.05158
-1.84021
0.677816
-0.638295
-0.469131
-1.46983
-2.71383
0.979827
3.06806
0.78222
-2.06162
3.05094
-1.59554
3.13361
2.18656
-0.919584
1.75066
-3.51167
-0.121586
-2.16846
0.89584
0.669851
1.40687
1.86096
2.80065
2.23435
1.37855
-2.78997
0.294839
0.936064
-2.95792
0.491012
0.154942
3.41981
1.8601
-4.50154
-0.816035
1.56816
2.6859
-0.0685754
7.6371
-3.16166
0.824763
2.47462
-0.113224
-0.808008
1.66509
2.76357
-1.48421
0.356578
0.107913
-1.18735
-8.62673
-0.388043
4.65023
-0.289773
0.0306406
1.52226
2.67992
-1.66573
2.28587
-0.677877
2.11716
-1.34684
0.691
-1.99261
1.25275
0.946257
0.526688
0.214484
2.08087
-3.12909
4.33628
1.61919
0.780267
-1.57988
-0.822932
-1.04199
1.50301
-1.15674
2.62133
2.31227
2.86343
4.20441
0.618519
1.36821
3.98325
3.12275
-2.64803
-4.2346
5.21696
-1.84094
1.87091
1.91562
-1.08661
-0.155095
-2.1037
2.81878
-0.661122
2.73016
0
0
0.666951
1.07453
1.22071
1.36714
0.817988
0.995758
-1.94208
0.69689
-1.22745
0.539872
-1.66964
1.32203
0.396741
4.04202
2.52269
-1.19446
2.8948
-1.55544
3.78213
3.21717
1.06745
2.96567
-0.36021
-0.347484
0.398541
-1.33619
1.08692
-0.739219
-0.812525
-0.417066
3.51027
0.766503
3.74856
-3.5656
3.58092
-2.1185
-0.204108
0.442152
0.227241
1.06854
-0.376385
0.0551162
-1.32261
-1.92044
-0.466781
-1.31455
3.42579
-0.558794
-6.76876
4.32975
-2.22596
1.38841
3.43385
3.34797
0.264046
1.31135
-3.5746
0.490371
1.03574
2.53771
-0.720054
1.44469
-0.0170904
-0.0101627
2.1012
-2.19312
-1.00613
-2.52113
-0.9129
-0.413129
-3.11389
4.04028
3.43785
0.451521
-1.31388
-0.114719
3.61702
-2.70562
1.67492
1.98373
-1.57381
5.70013
-4.38081
0.426191
-1.71505
-1.59621
3.48439
-2.86325
-2.17621
1.57585
0.112583
1.23405
0.673605
4.35646
0.538651
4.68889
-0.937468
-0.086764
3.03537
-2.88687
0
0
1.71248
-1.09931
-5.69823
1.64995
4.12815
2.22721
-0.422376
1.215
2.6335
-6.07303
-1.32533
1.23005
3.70171
-3.51662
4.45146
-1.61373
-2.97555
0.602313
-2.07352
4.1655
-1.13398
3.51881
-2.13538
-0.0990632
-1.78481
1.62529
-1.50435
-2.11875
1.59957
1.46361
-4.31379
-2.36866
-4.68325
4.61248
-0.48967
-0.498947
2.85165
-0.913236
2.30726
-1.66549
10.5904
-5.62905
3.17954
0.909513
-0.379284
-2.62795
-0.150243
2.63216
-3.94711
-0.180303
-0.475021
0.495468
-5.49324
2.46599
1.88061
2.12729
0.444868
-0.972716
-0.560411
0.462355
2.13791
1.37507
2.26618
-0.0500809
0.673971
0.320414
-0.464003
-1.28611
0.235328
1.53533
2.29569
1.03287
-1.83917
0.593005
-1.22321
0.196875
-1.00012
-1.32627
0.667196
-0.821894
-3.70745
-0.45616
1.65773
-1.83432
0.229743
0.791406
-2.68957
2.52077
1.0358
-0.188574
1.91687
-0.401837
0.525071
-3.02103
3.60369
-0.33256
-2.78173
-0.168005
-0.511307
1.55126
0
0
-2.35383
0.519242
1.19343
-0.630848
-1.47288
0.332865
-1.04016
5.24119
0.0408033
0.126377
-3.15653
3.47798
-1.34266
-1.34083
3.62038
-5.82488
5.67312
0.567492
1.33131
1.77041
0.380932
-1.14426
-2.58464
0.245156
8.44545
-3.01349
0.963683
-1.06476
0.453169
-2.90442
2.12809
-0.766655
1.92959
-2.05655
0.883938
-2.04205
0.964263
2.32017
3.8536
-2.75576
0.336345
-2.59365
0.204504
1.04059
-0.109836
2.58339
0.993408
3.04779
0.815912
1.27448
0.521409
-0.162389
1.15043
-3.09708
0.658864
1.71865
-2.32108
-0.624409
2.58135
2.3123
-0.51027
1.59358
4.16089
0.947478
-1.05679
0.812311
4.28837
0.598865
-2.3517
-0.315775
-0.853755
1.53954
-0.84402
0.200629
2.63878
-1.04929
-4.0831
2.87246
0.659597
5.6816
0.0471203
3.81201
-1.46016
5.23161
3.59526
-0.0983918
-6.84353
-0.998352
-0.788568
1.18958
-4.09729
3.41728
1.61251
-1.5548
-1.13184
-0.0835292
0.827692
1.30372
-2.80026
-2.2537
0
0
0.0555131
0.324839
6.6184
0.781487
-3.24549
-0.369121
1.00015
-0.761284
4.23676
4.69536
-0.92938
1.3954
-0.352062
2.0018
-2.08316
4.53453
-2.16575
3.20426
0.49147
0.537309
0.516007
-1.14518
0.866512
2.37715
-1.08222
0.939512
2.35615
5.26835
1.96695
0.625904
2.56569
-2.97143
-2.90045
-0.402692
-0.696097
0.0483413
-1.65255
-2.35444
-1.52101
3.0152
-2.91794
2.39781
1.83529
0.425458
1.69543
-1.93738
1.32478
-1.97366
0.951262
-0.998474
-0.558214
-2.26829
0.305551
-0.667531
-3.82128
1.32646
1.23585
-1.27763
1.82
-0.243171
1.04376
1.09174
-2.18644
-0.101963
2.23386
-2.10651
-3.0763
-0.174169
3.76446
-2.99145
1.42738
0.687185
-1.11185
2.56493
1.30815
1.06638
-6.20896
0.702139
-3.99384
-5.16761
2.29884
0.492721
-0.0589007
-0.797296
-3.36137
5.32569
-1.41911
1.13379
0.466292
-0.482742
-1.79214
-1.4572
-2.85882
3.24671
-2.9635
0.746055
0.608539
5.20164
-2.62487
-1.30262
0
0
3.20597
-0.646168
0.413037
-3.58284
2.44493
3.15076
2.62713
-0.738823
7.18571
-5.11222
2.01108
-2.48213
3.71322
7.17829
-0.204474
2.08737
3.80782
0.232429
-2.64898
1.85321
1.90924
0.140965
-2.49821
-0.742027
4.29414
-2.65874
2.4547
1.7702
-2.9711
1.94784
1.19044
-0.601154
1.94665
2.65975
-2.24928
-2.77828
2.2299
-1.63326
-2.36051
1.11951
1.65172
-4.07041
2.91104
0.542375
-2.39463
-0.463363
5.54506
-0.631123
0.0930509
-2.71776
-0.392071
-2.47841
4.18406
-1.3708
-0.524155
4.25498
0.327433
-1.32237
-0.639149
-0.176305
5.43431
0.194006
0.835047
0.647084
-2.43217
3.07099
1.63475
-2.19623
-0.676443
-0.94464
4.00977
1.48006
2.93908
3.66872
-2.25559
-0.562456
-2.43971
-0.0448927
2.58672
-0.952391
-1.66744
3.5096
1.52022
-0.284616
0.135868
-2.08936
-1.74712
1.18476
-1.26603
0.237434
-0.288491
-6.90893
1.266
3.17362
-1.11481
0.302621
1.86166
-4.24625
4.09082
-1.99973
0
0
0.0975067
-2.93707
-1.56279
-1.05704
-0.794427
-2.59066
-0.573382
-2.56874
1.3057
1.25459
-1.37962
0.358715
2.82089
3.24516
1.96878
-1.54176
0.550829
2.60939
1.3137
0.772851
-0.448256
-0.11652
-0.608417
-2.86056
2.32292
-2.68947
1.12
-0.813745
1.18464
-0.684835
0.0729392
-2.54189
2.5706
0.048677
2.7759
-0.15891
1.22913
3.79519
7.03848
0.507279
-3.38142
-1.21546
2.43791
-2.85855
3.189
0.261727
2.18232
0.867916
2.33757
-0.988525
-2.77587
0.420881
-0.798028
-0.55855
-2.70046
-0.140843
2.70257
1.53725
0.0911893
-1.76556
-0.818995
1.8435
1.85568
-3.35258
0.922575
3.725
-1.3506
1.63082
-2.30439
1.68477
-1.17832
1.84945
2.22974
-0.163457
3.56478
5.40797
-0.931059
-0.373913
1.39036
-2.2335
5.25709
-1.20243
-2.70183
1.12543
1.76092
0.671743
0.319071
-1.54436
3.06235
-4.47139
-1.65169
2.69338
2.34846
1.3159
0.505478
0.381451
1.03305
2.6708
1.82299
1.96619
0
0
-0.893094
-5.05393
2.71395
-0.184332
6.00903
1.00449
1.53188
-0.874386
2.27085
-3.84542
-1.22639
1.13767
0.22013
-0.133641
2.26649
-0.388531
-4.5884
0.775872
-1.47301
-0.685629
-2.22352
4.0925
5.80633
-0.803278
0.896756
1.49889
3.23606
2.17939
-1.32618
0.702658
-0.885403
0.407941
-4.62099
4.61831
0.16303
-2.44231
-0.298959
-0.965758
-3.0444
1.64272
-0.29783
1.73537
-1.62645
2.62743
-3.06772
2.76745
-3.13294
-1.4865
-4.78961
-1.93872
3.08777
1.14658
-0.540666
0.222694
0.448835
-1.3249
-1.80181
0.676565
2.08267
-3.09021
0.751884
0.255165
3.56401
0.867702
5.14313
-2.60039
2.75491
-0.885342
0.554338
-0.45381
-0.0151676
-2.70742
-0.440535
1.98636
-5.7673
0.827937
3.85873
-1.04614
1.1001
2.51778
-1.36131
-0.178808
4.99097
-2.01062
-2.2522
1.48268
2.71581
-2.31083
1.9169
1.77694
-0.931608
1.69326
-1.7922
2.27775
1.74783
-2.47368
1.33827
-0.706473
-0.498459
4.34468
0
0
0.64153
-4.30357
0.715934
0.918546
-0.938047
2.31455
-6.04816
0.916257
0.960112
3.47407
0.448683
-2.52989
0.668294
-2.82373
-0.836756
2.61751
-0.224647
1.61116
-0.241707
2.35197
2.04694
-1.79495
1.09696
2.22431
-0.326853
2.6534
-1.11258
3.88778
2.19626
0.910398
1.48824
4.29142
-2.55516
4.08795
0.503159
2.12442
1.23447
-0.55089
3.16324
2.13685
1.34263
-3.38923
1.4478
-1.8825
2.21348
1.9707
1.15751
-0.0856347
-1.40892
2.72033
-1.49669
4.91061
0.00625634
0.225684
2.46306
-3.76583
2.60308
-3.72295
1.37431
-1.63417
-4.17231
-2.91711
-2.79391
2.42085
-4.9317
-0.164098
-0.00256348
4.83474
2.31303
3.21094
-0.704825
-2.01294
0.882656
1.67812
-2.11637
1.68429
-2.04474
2.67357
-0.934416
-0.493667
-1.31434
-2.51387
1.20875
2.33909
0.37846
-1.6357
2.40837
1.17158
-2.83767
2.40873
-0.179846
-2.27598
-2.72054
2.87326
2.15799
-0.0466627
0.582415
1.05115
0.106571
-0.984741
0
0
1.68072
-0.471786
1.23017
-0.350108
-1.87896
3.02173
0.716574
-5.01892
6.11142
1.40837
3.03049
2.15134
-0.766655
1.1836
-2.3943
-2.05325
-1.08087
1.65154
1.16767
1.081
2.36424
-0.937926
-0.986572
2.94186
-2.30631
-5.03018
-1.81542
3.32597
-6.55507
-6.64901
3.07624
2.23533
-1.14768
-0.598987
-0.217078
-2.28828
6.83203
1.17893
-0.511246
-1.43648
3.498
-0.414045
1.05182
3.06119
-1.18714
-0.350047
1.53172
1.58345
-1.99899
-1.77703
3.03272
-7.49065
3.98141
-5.20866
0.819117
2.33528
5.66643
1.3032
2.2638
-0.438612
-3.52129
2.60512
1.32246
-0.956816
5.69051
-1.80944
0.508377
0.714988
-1.78887
-1.55974
1.51643
4.69808
1.84933
-0.542619
6.72448
0.512742
3.58498
-4.41408
-0.129612
0.710684
1.19214
-0.388745
-0.660604
3.39476
0.20603
1.78884
5.48262
1.54436
-0.0235605
3.28355
-3.36796
3.52452
-0.194403
4.85678
-5.66109
3.77087
1.17759
-2.53279
-4.66976
0.347514
0
0
1.0766
-0.30076
-0.411908
-2.33964
1.5342
0.929014
-0.71511
3.29566
-5.2674
-4.08695
-0.393109
2.07202
-0.774407
0.933073
5.61467
1.52641
-0.385479
1.18381
-5.29252
-0.0563982
1.7326
1.07224
2.37419
0.381359
3.51344
-1.99585
-2.33515
-0.1648
-0.22779
1.14096
-1.86331
-1.9751
-1.5414
-3.25669
-0.662068
0.672017
-1.08695
-3.11948
0.0582598
0.386181
2.41261
0.414777
-3.85455
-1.30912
-1.57302
-0.737541
3.33345
0.541703
2.81716
-3.03882
-1.68978
1.29023
-1.84744
3.42616
1.89157
-0.598041
1.49217
1.32047
2.46632
0.152013
3.5562
-4.33702
1.05744
-4.0427
-0.860805
-2.08701
1.42555
-2.29029
-0.272897
2.64611
4.42091
1.86309
1.40724
-0.543229
3.5956
0.146519
-0.311075
-1.02625
1.68749
3.39586
1.0238
-2.62014
1.19666
-0.403577
-0.085116
1.94412
-7.95526
-0.877437
2.19376
2.24378
-5.75893
0.576098
2.10688
-0.731315
7.09464
0.962432
5.46873
1.23313
2.15534
-2.40971
0
0
-1.47447
1.54454
-0.67626
4.1464
1.25813
4.16431
0.723563
-1.51958
0.722037
3.30955
1.47566
5.54488
-2.74923
-0.762383
0.0336009
-1.46342
1.33598
1.4706
1.36595
6.77862
-0.304483
0.332469
0.00521874
-1.64275
-3.65557
1.9303
3.28043
-4.10205
2.05972
-1.34834
1.80374
0.0450454
0.74517
-1.48253
0.712699
-3.76955
-1.34022
-1.09467
4.32759
3.61773
-2.528
2.35237
2.58956
-2.0014
0.68392
3.23972
-5.56758
-1.90118
-4.12766
1.07349
1.88409
-3.0669
1.67953
1.23838
2.71099
-1.20338
-0.653188
-3.27445
-1.80429
-4.28397
2.77993
2.06143
-0.661672
-3.83615
-0.307077
-2.70067
-1.05356
0.264016
2.99017
-2.42924
-1.35215
2.82144
-0.102695
2.66308
-2.2935
0.845607
0.0213631
6.3217
-0.297342
2.48018
0.146276
-1.124
0.927549
-0.870937
1.07208
-3.25803
-0.919797
-0.477981
-0.828395
-3.8702
3.47026
0.67806
-1.38606
-1.37809
-1.46516
3.49715
2.7431
0.483688
-3.05667
3.87997
0
0
2.18876
-2.61745
6.36436
-0.84167
2.99701
-1.61449
1.16272
-1.99719
-1.46635
-4.88745
0.117374
2.38163
0.229316
0.582171
-2.84811
-0.489669
0.116764
-0.655629
-2.4702
-0.418775
-0.201239
-0.356334
3.53825
6.31123
-4.43709
3.74468
-2.51476
-3.35762
0.758873
4.00208
-1.55443
0.438856
0.360485
-2.18729
0.394391
6.3477
-2.37291
5.47664
3.25459
0.704734
-2.99304
2.60298
0.604267
1.6494
1.15528
-0.0628989
-0.635914
0.476303
-1.59993
7.92947
-0.332164
3.17429
4.3864
-0.488937
1.92138
-0.496109
1.11997
2.86599
-1.30573
-0.373699
-1.59493
2.81759
0.711081
5.24891
0.790765
0.410535
0.845454
4.42054
0.46794
3.56227
-1.59951
-5.92358
-5.75863
-2.45375
-2.42955
-0.488052
1.0224
-0.384564
2.65435
-0.889218
1.77899
-3.84924
0.655507
2.22294
-2.68551
1.30668
2.89218
3.98654
0.504532
2.22608
1.33894
0.332164
-2.70772
5.14295
-1.63546
0.818629
-0.0553605
-0.107395
1.13395
-2.73974
0
0
-0.551408
0.608661
-3.48982
-2.24979
-1.32466
1.92947
1.21088
4.56279
-2.66054
5.24851
-0.716025
-0.70394
-1.1435
-1.96039
0.792261
1.41289
-0.854823
1.87808
4.85766
-0.453932
4.98563
4.25031
-3.13019
0.43495
-0.0572831
1.12458
1.78457
1.9855
0.0727562
-2.35298
6.91269
1.46764
1.07825
2.66161
3.3939
-0.559618
1.95831
-0.475692
3.17823
3.77163
0.601489
-6.10648
2.37776
-0.26075
0.140721
1.07862
-2.05741
-1.31019
1.10071
-1.1193
1.20338
-3.40904
1.32472
2.52004
-3.271
3.25803
3.89224
-0.179662
-2.77981
1.70183
6.13306
-2.04666
0.754387
-5.03738
3.09162
2.7994
6.13117
-0.732841
0.108585
1.63262
-0.493057
3.3292
-1.5577
3.2775
-5.41527
-0.538713
-0.00381482
2.08304
-1.80203
2.58647
-1.96768
0.151158
-0.437635
5.23637
-1.08835
3.1691
-0.359661
-0.206732
-2.62621
1.30433
0.0348828
3.18293
-2.43623
1.35893
-0.891873
1.97613
-1.4373
-2.75915
2.70568
-4.74892
0
0
4.56642
2.7289
1.97613
4.01434
-2.77444
-1.09607
3.41301
-0.571947
5.11991
-2.94009
0.0934477
-1.49419
0.760857
-1.74108
-1.86953
-0.178045
-1.5132
1.15949
0.717338
-1.68813
-1.26286
-0.201788
-1.13175
3.18604
3.37141
-2.91705
2.05557
-1.84634
1.26896
-2.04385
-1.71416
0.215278
4.99826
0.0794397
1.10559
2.88675
3.66851
-2.87005
4.18714
0.571795
-2.61635
-0.286569
0.695944
-1.85891
5.96905
5.22846
-1.93817
0.799737
-1.11664
0.564531
-3.08075
0.795556
-2.53566
-0.759789
-1.23679
2.1782
1.83068
-1.77047
-1.1207
-2.22187
-0.402783
2.04035
2.59947
-1.33808
3.24769
-1.26118
-0.577746
1.93341
-3.8858
-4.53853
-0.890774
-0.409253
1.08539
4.16327
0.987182
0.436659
-2.09659
4.40809
-1.41011
3.25465
0.222205
1.05902
-0.292215
4.01062
-2.12329
0.418653
0.298685
0.496872
-0.450484
0.311777
-2.52046
-0.197363
-1.93741
0.847286
0.545305
-1.50047
-1.94739
3.51863
0.193823
-0.384137
0
0
-3.78585
-2.40037
3.14185
2.65206
-1.55397
-0.590716
0.942472
1.80987
3.85345
-1.93356
-0.501785
8.11792
1.70748
0.655141
-1.33213
3.26225
1.50121
-6.14371
4.7633
0.326914
-3.94055
0.894619
3.49074
0.513474
-1.33711
-0.201056
1.33958
0.355266
1.34404
1.30226
1.49727
-5.05872
5.17795
3.89206
-0.290292
2.75781
1.58306
0.796991
0.646504
-1.51567
4.47703
-4.10312
1.0604
2.36998
0.623218
-0.763207
1.29164
3.27964
1.23698
3.39808
-0.019074
-2.38258
-0.246529
5.56777
-0.905789
6.56078
0.748161
-2.58925
2.97348
3.69179
-0.291177
-5.19575
1.79971
2.02271
-2.40461
3.4771
1.74105
-0.418073
0.687704
3.32279
2.8178
-7.86831
-0.120914
2.18653
-3.66057
-0.499741
2.88278
-1.91424
0.456252
0.955687
0.217597
3.01044
-0.977233
0.623951
1.88604
1.04474
-2.27409
0.0556657
0.514359
-3.88022
-0.0513015
-0.531541
-1.70815
-1.27454
3.24271
-1.96176
-1.00684
-0.670034
4.74532
0.439802
0
0
-2.50249
2.54588
3.06861
-0.358837
4.5855
1.31565
2.59535
-3.03482
1.08875
3.08167
1.83395
-0.0907315
-3.43666
4.50505
-3.55446
-2.29167
-3.35902
3.21793
-3.99432
-1.76379
0.901333
3.32551
-0.651967
-0.758629
-0.738517
3.94272
-1.05011
-0.884335
-0.885678
-3.66124
1.46113
-3.26063
-0.124058
-0.271798
0.862758
3.10016
1.30546
-0.0429395
3.4406
2.03159
-1.75234
-1.56667
1.71096
-1.10871
-0.209632
-1.17512
-4.85311
3.35484
-1.6762
-1.46812
0.791162
-1.57418
3.14023
-0.79751
1.601
-2.00674
4.29334
-0.744865
-1.48845
3.49663
-0.324442
0.88937
2.24876
-2.87817
-2.24561
2.80288
3.88723
2.56047
1.27772
-2.0745
-4.41444
0.839564
1.35096
-0.453139
1.7904
2.74773
0.484695
2.51344
-6.89212
2.56554
0.170629
1.84567
2.12095
-2.04819
-0.776238
3.85278
-0.47853
4.68505
1.56679
1.94076
0.829707
2.57942
4.84976
-1.5157
1.37135
-7.59416
1.3563
1.35698
7.43937
-0.645985
0
0
-0.80636
0.847896
-0.207983
0.6245
-2.64293
-3.01337
2.13208
-2.05512
5.60732
-0.595965
1.1062
-4.29829
4.61599
0.359233
-2.64922
-2.86758
-1.6617
-3.47569
0.768731
-2.5255
-7.58623
0.116275
0.429792
1.10086
-2.09949
3.08481
-0.254067
1.85067
2.29466
0.0854518
0.639088
0.68099
5.30598
-0.992584
2.32627
-5.27662
4.37559
-0.257576
-3.96362
-2.47496
-1.80874
-2.23154
0.283944
-0.067507
-0.383191
0.0776086
0.819086
-0.0773644
-0.987365
-1.16199
-1.37858
3.21421
-1.9809
-0.427137
3.11698
-1.0759
2.61446
-2.44588
0.87286
-0.621235
-1.66402
-7.78903
-3.9913
3.87442
-0.223548
0.812525
0.40846
-1.29817
-1.9754
-0.297311
-0.858242
-1.26441
-0.33668
-1.97555
-3.91488
-4.53017
3.24271
-2.09116
2.09262
-0.0858486
0.530351
-3.06519
-0.688955
-0.954192
-1.08707
0.239418
0.157597
3.02814
0.213843
-2.36933
0.760064
1.56972
3.47096
4.43089
0.293374
4.55187
-2.33848
-5.54796
-4.38636
0.70217
0
0
0.348308
-3.29527
-4.59713
1.92019
-2.9743
3.49785
-0.421308
2.14869
4.35347
2.13868
2.17093
4.92288
-2.85806
-0.108737
1.8291
3.02939
0.245125
-3.95334
2.42131
4.6758
7.4319
-1.20075
-0.0365611
-2.53191
0.784692
-2.98453
-1.84671
1.27583
-3.15928
1.67846
2.12876
1.74526
-2.92477
2.04486
-1.41505
3.60244
2.27024
4.16636
-0.836573
1.70061
1.58052
-0.568835
0.866237
0.975158
-3.77752
4.42613
0.643117
3.16068
1.8363
-0.265816
-0.570879
1.64983
-1.50764
2.86572
0.227363
-1.01151
-0.951415
4.20789
1.08734
0.975127
-1.11502
4.69588
1.78283
-0.290048
0.419935
-0.171026
-0.48796
3.00381
1.04147
-0.583606
3.23533
4.1659
-0.487564
-1.1471
1.7112
-0.0615864
0.0382092
-0.342448
-6.18931
2.11859
4.16697
1.40104
1.10196
-1.81622
-4.11978
0.342082
4.81957
-2.73034
-0.107486
1.97781
2.67797
0.583483
0.97473
-0.945036
-7.23173
-0.328837
-2.34938
2.71627
-2.82519
-2.02982
0
0
5.61803
2.58138
-1.70061
-1.99866
1.35102
2.37565
-5.63866
1.24653
-5.83508
-0.565356
1.40602
0.707266
2.25611
-3.88131
4.65722
-5.06769
2.99405
-1.96835
-4.11127
0.52028
2.24583
-1.5403
4.52745
-1.96777
-1.41154
-1.28233
2.1175
1.6617
2.61153
0.520035
0.235267
-6.3516
0.429456
2.90918
-0.082278
-4.17765
-0.954711
1.14643
-4.51524
-0.5121
-4.75399
0.946898
-0.650624
0.5768
0.495926
0.960448
-0.165441
1.84246
-0.914243
2.71044
-5.17994
1.76992
-4.31455
-0.651296
2.36277
-2.05127
1.37834
1.09043
-0.0421767
-0.624775
-3.70705
-0.503647
-0.754936
1.23133
1.3946
-1.44206
-0.692251
1.39116
2.91339
0.0112308
-0.671163
2.13739
0.349773
0.728843
2.30113
-0.892026
2.4716
1.90515
-0.3755
-1.80178
-0.938322
3.70235
1.61324
-1.95792
-0.798273
1.99063
-5.62069
-0.126774
3.01993
-1.67391
-1.55455
-1.15741
5.66616
2.69451
2.98227
0.727073
-0.160406
-1.81179
-0.797967
0.19541
0
0
-4.61296
-1.62893
-0.136204
3.89474
-1.12525
2.64431
1.80941
1.99255
1.19953
-1.52284
-1.73544
-2.35368
1.78661
-1.47676
0.891842
0.678213
2.75213
-2.19953
6.1492
1.34144
-0.728751
-0.576464
-2.43803
1.55824
-0.261269
3.9765
-3.04801
0.646107
2.55953
-1.78875
0.665548
1.80172
-1.219
0.487259
0.484329
1.50114
-3.1456
0.381237
2.70107
-0.749107
4.15271
1.52556
4.15616
3.69381
0.264779
-1.86709
0.0715356
1.92813
-2.56215
-1.07099
-1.94552
1.54405
-1.743
-2.68474
1.4941
0.890011
-0.503189
1.38652
0.349589
4.49998
2.48308
0.236061
2.65069
1.09793
1.47899
-0.322092
2.43773
0.340922
0.307779
-0.273354
1.648
-0.233375
3.76595
2.06815
-1.26569
5.22135
0.620258
0.609668
-1.36064
-2.51225
-0.292093
3.69732
0.39494
3.51836
-0.181768
-2.45094
3.64635
0.663106
3.46721
0.142003
1.17002
1.56478
1.69924
0.471603
0.690512
0.478042
-2.05246
2.03391
-2.94943
-0.455611
0
0
0.661733
1.68276
4.07254
-3.30515
2.77078
4.02564
0.703513
-2.3159
0.0505081
-1.04065
0.641591
0.145756
3.47282
2.82794
-1.76974
-0.552019
-1.77767
-0.781701
4.92169
-0.810633
-0.382153
-2.90155
1.34764
-1.44453
2.03043
-0.772118
0.71691
-0.248116
1.29035
2.5764
-0.598376
0.950011
2.12299
1.32823
1.9386
-0.786462
1.55373
-0.196509
0.871639
2.74889
0.615497
-2.96472
1.17487
0.694601
-1.04953
-0.835658
-1.43239
2.64086
-1.93716
0.353862
0.336192
1.53624
-1.37806
1.39933
-1.9414
1.80505
-3.57573
-0.342937
-0.916685
-4.71599
-0.468368
2.36094
0.172185
0.199896
2.19669
-2.01685
0.904538
-2.77718
-4.55245
-1.59258
-0.3043
-2.17411
-0.718009
-1.62029
1.95914
-2.22382
0.0922269
-0.776238
2.97616
4.236
-4.77956
-2.81848
-0.385174
-4.12903
0.582873
-2.46168
1.90503
6.59642
0.558458
1.4268
-2.26252
-0.367534
1.84182
2.88409
-0.566119
2.5808
-1.22016
1.85043
1.71468
-0.664419
0
0
-3.28068
-0.448653
1.26014
-0.977538
-3.00183
1.41441
2.39186
2.40086
2.73226
1.22919
-0.413617
2.27836
-2.02795
-1.40342
3.2497
-3.59041
2.41371
-0.182409
-0.114383
-2.15189
0.677267
2.24683
-1.37797
-1.22059
-0.561144
0.082522
-0.0230108
-1.91653
6.66982
-0.801233
7.31343
4.47053
-0.482772
0.4832
0.617145
-3.36143
-1.24155
-4.52153
-0.240028
-0.598285
1.03394
-1.05008
1.4651
-2.83557
8.37837
-6.58763
0.511948
-2.59819
2.36763
-0.617603
0.0243536
-3.36995
3.25153
-2.77856
-1.73669
3.09082
-2.51955
-3.41862
-0.741539
-1.32252
0.36137
-0.811731
1.31919
0.00256342
0.851375
-0.0393076
-1.25999
2.48604
1.16266
-5.41737
3.15476
-9.93408
2.89651
2.49779
-2.62856
0.565294
0.697226
-3.61473
-2.33537
3.67684
-1.54192
-0.84167
-1.12864
1.39055
1.27177
2.22117
-1.15744
-2.76281
2.08231
2.0235
-0.0549334
4.27189
2.09314
-0.306558
3.8778
1.4994
6.92074
0.0933256
-0.577563
0.125431
0
0
3.01825
-0.0435193
-2.45418
0.797815
-0.510361
-2.96365
-1.26377
0.251167
-1.99542
-0.914701
-2.05631
2.57869
3.09317
3.06793
1.03919
0.913022
-0.0223091
1.597
0.863522
5.75213
0.851467
0.762108
0.389386
-3.93707
5.10233
0.258003
-1.63674
0.91348
1.20704
0.186804
-1.07953
2.72897
-1.18284
2.93747
-2.50462
1.00153
-3.11161
2.28053
1.30125
-2.55577
4.48042
-2.103
3.172
-4.08011
1.26914
3.57064
-0.279824
2.24915
2.98593
1.67595
3.17225
3.51466
1.79046
1.18931
0.636525
2.6971
-2.5989
-1.86038
0.0475174
5.11264
4.82611
-0.561754
2.74206
-2.42546
1.60457
-1.60268
0.583727
1.97256
1.1102
3.34639
0.00647002
1.44658
-0.0897548
-4.37507
-3.69732
3.01685
-1.7109
-2.47783
1.77978
2.27924
-0.734947
1.87054
-1.24949
-2.3347
2.16913
4.93258
3.63219
2.01785
2.50801
-0.326304
1.14243
2.12549
0.539445
1.41704
2.60488
-4.21937
0.105716
-0.216743
2.43797
0.492966
0
0
4.0351
0.0928069
0.14655
7.12619
-0.193304
0.556017
8.17072
1.94836
-0.382488
-2.3079
4.57967
-1.01993
-1.33848
-0.661336
-0.339274
-4.53294
-1.20395
3.88775
-3.97296
0.982269
1.28242
1.41029
-3.6162
0.99884
2.14194
-1.18357
0.566851
2.48936
-2.36177
1.35285
-0.869625
6.772
-2.80517
-0.240577
1.90463
-1.97354
0.964476
-0.564379
-2.26756
1.28584
0.409223
1.27
3.16617
-2.23942
-0.234962
3.082
-2.1681
-2.5797
-2.5277
-0.835688
2.829
-1.05734
1.20389
0.11713
0.202429
-1.40739
0.16245
0.302347
4.55943
-2.49931
-2.10004
1.85406
0.0710773
4.13535
-1.3177
-0.75927
-1.56493
1.12949
2.45427
2.53035
5.13602
-1.43544
0.87466
-0.381878
-0.923887
-4.08795
3.01306
0.485061
1.78857
-1.03137
-1.67046
-0.358776
-0.505295
0.992859
0.464461
-5.27854
1.51366
-0.238777
4.57533
1.07404
1.22987
-2.35774
-1.11832
2.83917
-6.41923
-0.499741
3.5801
-2.58974
0.93823
-2.79217
0
0
-1.05841
0.936094
-3.92807
-5.4004
1.08249
-2.38685
-1.24021
1.35588
6.63259
5.56011
-6.25669
-0.490371
-2.40965
-1.01074
0.0976288
0.891354
-0.205634
-0.139927
-0.0284432
2.12037
-3.05811
-1.83377
0.278176
4.04495
0.712088
-1.39323
1.66149
0.788507
1.61382
-0.726615
0.0667746
-0.128819
0.190893
0.603473
2.19034
-5.44475
-0.680624
-0.960418
4.38258
0.0774561
2.61132
-0.962127
0.857051
-0.51912
2.49055
1.59255
-0.128666
1.7972
-3.11597
-2.14954
0.872311
1.53468
0.861354
0.756218
-0.304209
1.59227
-1.46635
-5.05866
-3.21393
1.06729
2.32722
-1.51823
3.72805
-5.47017
-1.41227
5.44017
2.6578
-1.73495
2.08475
-0.915159
4.10083
-4.26353
0.294229
-1.73107
-1.02588
0.922696
-3.28629
0.238655
-1.19358
2.4489
0.725944
1.10019
-0.68102
0.0227973
4.31141
1.77676
-0.676595
2.38746
-0.891903
0.792016
0.0423596
2.15003
0.706626
2.7513
-3.07566
-1.95547
-3.15745
5.52077
-0.569048
1.73507
0
0
0.775353
2.27189
5.60872
0.499283
-3.39698
0.467971
5.58626
4.52995
-0.353099
-4.33265
3.69353
0.858181
-1.69604
3.66042
-0.105441
-2.9082
-0.615864
2.6447
-2.30131
-2.0426
-2.43937
-0.228797
4.86615
-4.51222
3.3347
-0.807093
1.38414
5.61766
4.07166
-1.75881
1.97974
0.10123
-1.34132
3.59893
-1.38383
2.15238
4.84262
3.56444
-4.70501
1.21183
-1.74545
-3.11243
-1.86581
1.24097
-1.93518
0.229041
0.543138
-1.85376
1.44816
-0.269509
0.684683
2.69909
-0.415693
-0.19126
-0.868862
0.122318
-1.68795
2.26658
0.361827
-1.78649
-4.20682
0.190313
-1.74657
-0.978729
-1.38926
0.598407
2.77413
-1.31867
2.46657
-1.36714
0.504715
1.66411
-1.86529
0.66332
1.69631
3.3011
-5.38932
1.68078
3.0658
0.0588094
-2.11539
-1.62404
-0.222846
-0.634114
-4.48454
-1.64782
0.484023
-1.22727
1.34092
0.554766
-1.07761
4.93143
1.76119
-0.379406
-0.00570697
-2.61611
2.04901
-4.58776
-2.35661
0.909909
0
0
0.67626
2.26615
-4.19538
-0.973144
-1.49324
-1.21784
1.08438
-1.43538
1.37577
3.33811
-2.14667
-1.29341
4.2862
-3.00702
-0.96527
2.4655
0.302988
-3.91946
-2.29688
4.76482
-5.17951
-1.1399
-2.80148
2.37696
-3.38173
-0.447676
1.20582
3.46031
-2.05921
-2.18317
-1.07129
-0.0736716
-3.76745
-0.00219744
-2.24656
2.74813
1.14243
-0.476791
0.888455
4.24647
0.443342
6.26423
-0.708579
-1.2396
-0.0292063
2.49361
-6.07138
4.04447
1.64843
-2.30229
0.416944
-1.58141
-1.05246
2.40153
2.57549
0.92291
4.80544
0.518357
1.00839
4.49388
0.241615
1.44099
0.926389
9.44154
-2.87558
1.8377
1.26273
-0.0972014
-0.983672
0.482559
8.45979
1.04102
-0.422681
-1.15748
-3.61885
-2.66442
-3.32957
3.62456
2.59804
1.36885
1.62426
2.82351
4.5295
1.07645
2.3
-0.383068
-0.572253
-3.08304
-1.20689
4.37303
-0.864132
-2.19648
-0.342265
-0.217689
-5.56581
3.0354
2.56639
0.663259
2.26456
-1.42711
0
0
2.25239
-0.218726
0.476882
0.806971
-2.22697
4.14261
0.295297
0.48323
-1.14853
2.54552
2.07447
-0.875088
1.35023
3.9079
2.60677
1.215
-0.483718
5.83123
-5.92157
1.62249
5.22907
-3.64925
7.14249
-0.978607
-0.756127
1.8276
-1.23536
0.342021
3.17411
0.693594
0.48558
-0.0427868
-0.323191
1.05966
2.65407
-3.13657
3.02966
-2.97711
3.53066
1.77007
2.65856
-0.91229
0.675009
-0.00445569
5.70742
-2.97024
3.84481
2.07019
0.277261
1.85556
-1.21046
0.816798
1.32756
-1.86819
0.244179
0.357615
-2.24616
0.401715
1.9284
-0.782586
-0.909024
0.645223
3.13315
0.766442
-1.13843
4.91339
-3.05457
4.05649
1.19379
1.9888
-0.681875
0.128819
-0.289468
7.23044
4.16077
-3.52107
2.31623
-0.260109
2.44853
-1.05252
-2.67977
-0.631641
-1.91296
-0.405133
1.60637
2.49889
0.149022
-2.48753
-0.693594
-4.42918
0.924894
0.290109
1.33143
0.270058
-0.38258
-0.176611
1.73241
1.67974
-1.97024
1.55513
0
0
-2.21564
1.94412
1.43693
7.69048
-0.641499
-4.19361
1.27635
6.51219
0.770196
-0.107944
2.00604
-6.12806
4.88433
-4.48824
2.95044
0.952422
0.621479
2.41343
0.445082
-0.56267
3.81869
0.426099
0.694845
-0.16364
-1.60427
0.136051
1.29563
-3.32401
3.4062
-0.957335
-0.757622
0.170263
0.935392
3.38758
1.44938
2.923
-6.28391
2.72094
-1.27473
1.11795
-0.7875
2.89276
0.953001
2.11783
-3.01675
3.46831
1.37574
-0.874813
0.0328076
-1.55531
2.00702
2.37199
-7.82751
-1.02338
3.75713
-2.27018
5.15674
2.18305
-0.561052
-2.24253
0.767449
2.50716
-2.16013
-7.14554
1.65609
0.683035
1.54863
-0.32374
0.169561
1.07434
2.33189
2.36967
-0.194555
-0.972228
1.19517
-0.678915
-3.01901
3.13971
-4.60005
3.30793
0.54149
0.300272
0.0576797
1.37202
-1.57097
-0.0385754
2.06745
1.61895
0.834376
3.06012
0.601489
2.89004
-0.311747
-1.24116
-2.73418
2.33784
-5.72985
2.69341
1.1785
-0.208411
0
0
-0.332103
0.938475
-1.47179
-0.813196
5.33769
0.700308
1.99561
-1.26701
-0.536637
-0.384136
0.700125
2.34739
2.52602
0.0843836
1.90793
0.128147
-0.776055
0.0138552
-1.36158
2.57662
3.90188
3.54021
-0.544236
-1.58776
1.18085
1.30787
-0.898709
2.69799
-2.77242
3.12522
-3.1092
2.91034
-3.15677
-1.99387
4.56267
-1.58226
2.87747
4.45189
-2.42247
-1.07724
5.37165
1.00262
5.59612
-1.05734
0.659657
-1.51201
-4.88494
2.30677
3.67797
2.58
-4.97211
-0.425764
0.690969
0.126499
1.25858
3.46486
0.437819
0.0474867
-2.22785
-0.0551774
-2.47359
3.96484
2.60826
2.24174
-3.609
-1.87957
-0.83874
-0.176244
-0.319529
-1.22163
0.392926
-0.136601
-0.177648
0.106296
-0.66271
-3.29627
2.6527
1.86163
1.48997
-1.83743
-2.665
0.720878
3.78249
-1.67562
1.89306
-0.843074
4.80639
1.63152
-4.36921
1.50078
5.08505
-3.24848
-1.12125
-0.581011
-1.31968
-3.02087
8.43608
-2.43162
3.77972
1.49263
0
0
-2.25239
1.46272
0.784417
0.461989
2.69167
0.316324
-0.496567
-1.39241
0.976409
1.30869
-0.885037
1.25718
-1.1503
0.620136
1.23023
-0.242286
-0.0510269
3.98511
0.147404
-5.35405
2.61586
3.56813
-0.773522
3.65273
1.0087
-2.75628
3.25129
-3.12113
-0.391735
-2.7955
-3.78539
-2.37211
3.78961
-1.66506
-0.702628
-0.362835
2.66543
-3.61946
5.21952
-2.56151
0.336283
-2.8916
1.27253
-0.733024
0.919523
3.19987
5.52553
0.0384838
2.22138
0.0803552
0.018708
-1.18162
-0.023896
1.80868
-1.40373
-3.94021
4.1081
4.28965
1.00266
-0.141789
-1.55513
4.30644
1.42152
-0.241585
-0.408277
-1.85931
3.80273
0.033906
-1.29524
2.1102
1.34657
1.09503
2.62523
-0.984893
-0.21781
1.21876
-1.47246
3.89242
-0.767052
2.63301
-3.4742
-4.13923
-1.18769
1.16944
3.17225
4.19507
-2.41636
0.530534
0.606158
1.73754
-0.642201
2.25275
-3.69723
1.47841
2.12128
1.71661
-3.25636
4.52162
1.70293
1.09375
0
0
0.106357
-1.93872
4.55379
5.9729
2.89761
-0.201544
0.192267
2.14472
-4.02542
-2.69622
3.44023
1.59481
-3.32844
-1.6137
-3.43052
3.88217
-3.49361
-2.90524
-0.234413
-1.21113
2.33503
-1.49965
1.93786
-0.480026
-4.47465
0.36491
1.05609
-1.0105
1.4543
3.31227
1.19324
-2.79238
-1.34199
-2.07828
6.67052
-4.07965
-0.103549
3.77334
-3.88491
0.116977
-2.0044
-6.51546
-0.432417
4.22874
2.63359
-2.20579
1.45183
3.91342
1.49153
1.90576
2.86343
-1.20215
-2.67467
-1.99557
-1.56346
0.535997
0.478256
-5.43605
0.621601
-1.33793
3.87902
0.77514
-1.76641
6.14676
3.9646
-0.46437
-3.52791
-2.79791
0.223609
-0.380138
-2.97052
6.42348
-1.09235
0.132481
5.40266
-1.45918
-1.38041
-3.28645
-0.949125
1.59822
-2.25605
-0.434523
2.99854
1.06507
-2.46638
0.662801
1.95178
2.05264
-0.0477923
-0.127934
0.56386
-5.89102
3.41377
-1.79333
-1.91476
0.529954
-0.051912
0.46907
3.62889
-2.79635
0
0
1.94891
2.2226
-0.704947
-2.15427
1.39875
2.61812
-3.68398
-1.65435
-2.34291
5.39396
-2.99704
1.03107
-1.30006
3.26716
0.262062
-1.42616
2.70754
-2.55138
1.13321
-0.630543
2.63787
2.78262
-1.7582
-0.371624
2.04514
3.66796
1.82492
-0.717826
1.51189
3.9631
0.897794
3.58721
-0.96936
2.31547
-3.41517
3.33354
-3.60744
0.392285
3.52202
1.42079
3.73577
-3.08255
1.16871
3.12192
-0.715293
-0.258553
3.21772
1.84777
3.08429
-0.204169
-0.493789
-0.232612
-0.438429
2.70324
4.55672
0.757439
-3.19865
3.53377
0.742393
0.357067
3.95224
-1.61873
-0.717246
2.91119
1.40007
-0.138432
-2.18726
-3.56606
1.9834
0.103702
-1.26579
3.16892
-4.97565
-0.452712
3.29395
3.9288
-2.68783
-0.588305
2.41127
-4.26627
-1.8316
2.0062
3.17417
5.10801
-1.59096
-0.411603
-2.90735
5.30253
-1.00632
-0.967376
4.68386
-5.29765
3.99875
-0.257515
0.0447401
0.632984
-1.28636
-0.799249
3.18564
0.846187
0
0
0.609088
2.41005
-2.67199
3.4116
0.415876
0.561571
-1.07871
4.96191
-1.22172
-2.08704
0.994568
4.83203
1.16694
0.436598
1.59377
3.17954
-1.15479
5.31773
-1.13663
0.949644
0.0232552
-0.775719
1.09903
0.304391
-2.20359
-4.4471
-5.38243
4.27598
-0.461623
3.7149
-2.21403
5.352
1.62007
-0.862697
1.79495
-5.63521
4.65105
-7.75851
4.89605
1.25098
-1.7268
0.31257
1.5688
0.0998873
4.74932
1.60152
-0.732871
1.69143
-0.83459
0.876247
-1.70299
0.979858
-0.935759
-2.91736
-0.0677511
-2.60021
3.55266
1.13294
0.553026
0.555528
-0.379772
-0.257546
0.481277
-3.84509
0.472183
-0.173131
0.730399
0.71041
-2.1673
-0.00778225
-1.60405
1.1933
-1.35804
2.22266
-4.41887
-1.91473
3.04944
1.68261
4.20743
-2.98727
-1.43193
4.65093
0.623036
0.5244
-0.487991
-2.68441
2.12824
2.67531
3.16993
-0.459151
0.326029
-3.8131
-0.818903
4.9234
1.85824
1.22605
2.10291
0.928221
-2.19636
-1.55403
0
0
3.34867
0.0791955
0.914945
3.23591
0.0341807
2.67464
0.777245
3.6484
0.875668
-2.15226
-4.24854
0.0576192
0.98471
-2.33137
-0.269662
-1.64882
3.64861
-1.8511
1.71831
2.73592
1.53905
0.573107
-2.67254
2.51094
-2.60826
5.26475
0.822535
3.76507
-1.20182
0.222633
-2.18384
-2.02283
-3.57338
5.47877
1.83706
2.66598
-4.97882
-0.618153
-0.85696
5.05469
-0.752953
8.42704
-7.12757
1.28388
-2.37608
3.78622
-2.03598
-2.66298
1.9501
-3.30253
0.201819
-0.272103
0.249428
0.0885341
1.38478
0.982421
-0.609607
1.876
0.137913
-2.90387
-1.53893
1.17255
1.28358
5.21284
0.771081
-1.75802
-0.281045
-2.99075
3.50038
-2.75549
-0.747063
2.12174
1.32554
-1.1981
1.01508
5.08982
2.46062
0.509262
1.92663
-0.0284128
4.76064
0.997314
0.792077
2.31639
1.89419
0.779412
-0.0179754
-0.783776
0.959197
-0.142155
0.678457
1.29624
2.82989
-0.730003
-3.87399
1.09436
-0.768761
6.5971
-1.68203
1.1655
0
0
-1.20756
4.24677
-2.3184
3.58498
-1.80212
-2.21146
0.831691
3.16178
-2.84945
2.70891
-0.64211
3.53548
0.391888
-0.464003
-5.51357
0.282937
1.97433
1.22358
0.647786
-1.59722
2.76067
-1.75799
-2.70873
2.41206
1.98611
-1.38566
3.06842
-8.59511
4.86312
1.11115
2.15177
2.57945
-2.94397
0.338877
0.380291
0.903226
4.75872
-0.374431
1.29545
0.995087
2.80374
-6.81371
0.764947
0.748161
-0.614277
-1.70818
0.231208
-2.3715
6.28855
-2.74902
-0.85757
2.49931
2.03204
-0.58855
-0.144688
3.62496
2.53539
1.11542
-0.136754
2.04801
-0.126652
1.41282
0.203101
-3.27433
0.32902
-0.278847
2.2728
3.69979
2.91919
1.65416
-0.610614
-2.51613
-1.72756
3.66695
1.92636
-0.274056
2.92096
-0.387554
0.274819
2.84838
-0.354198
-0.567003
-0.132419
1.43464
-1.89114
4.70202
4.00259
-0.848659
2.86911
0.306192
-2.67522
5.39644
0.398022
4.17414
2.52535
2.78249
0.787011
-1.31513
0.652333
1.98599
0
0
-2.9931
3.65099
0.444136
1.44212
-0.885434
-1.08835
0.52562
-2.63842
-1.19221
2.74685
-2.41716
5.24247
-1.98697
1.4087
-1.57408
-1.58657
-2.29521
0.00589013
-0.91052
2.81024
1.56182
3.4662
0.107303
0.383129
-1.33641
-0.740928
1.96002
1.56929
3.77383
2.18336
-1.32225
0.277688
1.42595
-0.665975
-0.541856
-1.06455
0.661092
1.00183
-0.496994
1.6668
1.20218
0.102176
-0.271035
2.09308
-2.73507
0.113529
1.52239
-0.117832
-0.0140079
3.23173
-2.00409
-0.197668
-1.73888
0.377361
0.727897
-2.81655
4.60973
-2.37828
-0.57738
0.360057
-5.58013
-0.746117
6.8515
-3.59801
5.11075
1.70119
1.07089
3.3195
-0.55092
-0.0848418
0.0340282
-3.18107
-0.150578
2.40715
-3.9697
2.80548
-3.14612
1.19025
4.59581
-0.406934
-1.18302
-1.52989
-0.952239
-4.59365
3.48814
-0.122684
0.910611
2.24906
-0.476485
-1.1764
0.955901
1.65078
0.0614033
3.38444
2.61483
-1.64125
-2.11554
-2.6953
0.920896
-0.0798059
0
0
2.91369
-2.77023
2.03088
1.17133
1.0444
0.85461
-0.0480056
-2.67254
-0.391156
0.789209
-3.00049
-3.58992
-1.02823
0.755272
6.77709
-0.483139
3.11133
-5.4666
2.11728
3.69539
1.26145
0.783227
-0.842769
1.15757
1.30503
1.35179
-0.976684
3.01346
-4.61657
2.13517
-1.54558
2.19315
-2.34532
3.65841
0.276132
-0.888333
1.66848
-0.13953
0.970763
-4.57653
-0.266732
0.806421
4.04688
1.44948
1.56975
-0.221931
0.286874
-0.347026
-0.849025
4.79745
6.17389
-1.4582
0.290048
5.46083
2.98718
-0.137028
0.905697
2.70998
3.6462
-1.35923
1.63674
-0.697684
-2.76629
3.79116
-1.93014
0.896054
-3.29923
0.722648
0.0499589
4.29566
-4.14881
0.297403
-1.99103
-0.929197
3.78246
-2.29026
0.913572
-0.906461
-4.10822
3.8786
-1.5132
3.31547
1.90774
1.55815
-2.03095
-1.96078
6.72237
2.53652
4.66918
2.06458
-0.529801
-1.98767
-2.24256
-2.41954
1.8919
-2.63744
4.05042
3.77801
-2.18043
-1.15412
0
0
2.23542
2.57247
-1.72649
-2.11527
4.88025
-0.630055
1.96106
3.32588
-1.4145
-1.74737
1.43013
-0.762993
2.85693
-1.25224
-1.82092
-0.262978
3.83526
0.0458388
1.75744
-0.142125
-1.50157
1.1055
-0.217963
-3.95016
3.04395
-1.26795
0.781091
0.312479
5.23118
0.341075
1.65203
2.77087
-3.05335
-3.23609
0.250465
-1.0116
0.252083
0.770592
-1.91848
0.887539
1.44633
1.00882
5.54585
-1.67443
-2.90039
-1.77535
-0.24192
-2.39387
-1.16947
-1.39662
1.87646
2.24171
-1.56655
-1.53868
-0.141057
0.00311288
1.46913
1.47633
-1.85064
0.663289
-1.33622
1.45216
-1.25581
-4.2664
0.0937222
0.954344
2.74746
-1.18674
-4.44987
3.63875
-1.57881
0.0322887
0.0594197
-0.180669
-0.275369
-1.45805
-0.548814
2.54695
1.69738
2.95651
1.58312
-6.05078
2.19733
2.11771
1.56642
1.4517
-0.0446181
-3.58275
-0.535447
1.56526
-1.4669
5.15564
1.79867
4.27335
-0.287576
-0.252632
1.94797
-0.392804
0.675222
3.09397
0
0
-1.9526
-0.360119
-6.17084
0.431165
2.79919
5.10416
0.505844
0.819208
2.61953
-2.6834
2.82678
-2.58199
-1.61879
4.56603
-0.284524
-2.01996
-1.58309
0.329386
2.79336
3.12265
2.46489
0.830256
-0.727134
-1.09244
-4.55956
0.51091
-1.3719
3.23759
-4.2353
3.92074
-0.0710776
1.81088
-0.93054
1.8692
-1.37996
1.99023
0.664785
-0.51735
0.934324
-2.55422
0.652882
-4.53539
-1.93353
-2.04373
1.919
-2.39515
-1.80154
-2.35725
2.98401
-3.26838
1.25416
0.640065
-3.18021
5.48753
-2.30628
3.86978
-2.59966
0.844173
1.19477
1.36845
0.176885
4.53655
0.173284
0.572558
7.24198
0.667165
-0.181768
3.44801
1.77645
0.77578
-4.62206
-2.60073
-0.417493
2.0575
3.63372
2.41139
3.50139
-3.2956
1.38029
0.158727
2.03497
-6.86636
-1.07062
0.469008
-3.35121
2.17115
-0.185888
0.353679
-0.66924
-0.650166
-1.32331
1.32865
-0.89935
-4.14255
0.543901
1.87307
0.790612
-1.03256
-0.0167547
-1.55852
0
0
-1.41951
2.56359
2.34004
0.52559
2.70849
-2.41639
-2.69344
2.73724
4.85669
1.15006
-2.32273
2.34614
0.450178
2.12931
1.17277
1.19282
-2.50185
4.65474
-6.28483
1.21665
3.18906
-2.36485
-0.343211
-5.40443
-2.1905
2.04169
2.13886
0.235511
-1.92465
0.165685
2.10965
-1.65172
4.84027
1.15442
2.89325
-0.26426
-1.70009
0.443098
2.12476
-0.50206
6.19663
4.53386
1.98938
-0.264107
-2.68398
-4.85421
3.7347
2.65227
-1.78539
-0.545457
-2.28083
0.588428
-4.94122
-2.24708
2.4294
2.01526
-2.15528
4.69411
4.14148
0.647481
-1.40657
0.00720239
5.19303
-0.617084
5.7615
4.90555
0.560259
5.92615
2.43986
0.00167871
2.23414
1.98096
-3.8168
-3.28874
2.85553
0.409009
-0.111851
3.44996
0.861873
-0.940061
-3.18049
3.73507
0.841975
1.24915
1.44993
-4.16739
-2.20353
2.24552
0.159429
0.916654
0.675161
6.12427
0.145879
-0.897549
0.552996
1.5501
-4.83123
3.39305
-0.556139
-3.96088
0
0
-1.98474
2.20746
-2.03958
1.38829
-1.75481
-6.94943
-0.538316
1.09577
-1.34077
1.40861
-0.64571
2.21357
0.00805676
4.82846
-4.19208
-3.56197
-1.06723
1.70626
4.34339
-2.26807
0.026063
-3.23319
1.54848
-0.0894192
1.59081
5.29917
-2.17292
-1.50539
-1.7109
1.16236
1.18125
1.38905
-1.11829
-2.36366
-5.25043
1.68865
1.97998
0.851375
3.89306
2.63646
-0.993103
-2.62551
-0.422803
0.746574
-3.57372
0.0346995
1.19974
-2.21088
1.18571
1.27778
6.32853
1.16965
1.68871
-3.87069
0.109683
-2.54125
-1.59832
3.69787
0.479843
-0.692953
0.59679
-1.92846
-3.99884
7.61376
-1.89398
-1.55611
-1.93585
-0.073153
-0.824671
0.832087
3.16977
-4.78985
-0.138646
2.03641
-0.883053
1.73519
0.793268
1.17646
-0.27662
-3.79922
4.44441
1.63124
0.141911
-4.51585
1.25193
1.76162
2.53044
-1.04178
5.76229
-0.783685
-0.0179448
0.0135503
-1.82858
0.368542
3.56896
0.897305
-3.35768
0.29255
-2.86828
-3.63872
0
0
0.507126
1.36576
-3.70153
4.4586
-1.71252
0.10358
-5.48015
0.594958
-0.259133
-1.38957
2.30332
-5.18067
-1.90851
0.725242
4.92435
-0.825648
-3.45836
-0.825892
0.922086
1.94134
0.47731
0.0944548
-0.617817
-3.3112
3.06998
-1.07129
0.155889
0.909452
-4.1099
2.44316
-3.60637
0.468337
3.33198
-0.0828272
1.10587
0.525742
1.20698
0.03708
1.12366
2.44005
2.33634
1.23511
1.79757
3.9284
-1.20124
-0.840907
-1.96222
1.3748
3.47472
-1.69127
3.46117
-1.99689
1.33314
2.10498
-1.60601
-0.28898
1.13141
-1.73016
3.28751
-7.39424
3.38966
-1.52034
-0.50267
0.628712
-0.966735
-0.429853
0.425092
2.41194
1.59957
6.16056
5.57073
-4.04505
-1.88751
2.84988
1.61107
5.26331
-0.821985
-0.015656
-2.5212
2.10627
1.57408
-0.28312
6.54772
-1.80898
-0.0360422
-1.03003
3.34492
2.26399
1.73385
1.16498
-1.47453
-0.422743
0.818537
2.53832
-1.50673
0.209509
0.539384
0.0500198
1.21131
0.00338775
0
0
-1.81573
-3.01679
1.42338
2.06143
-0.111728
1.97629
3.11032
2.87188
-1.05527
-0.672964
-1.38792
5.00702
3.37846
-2.57106
-1.24757
-1.90323
3.70385
0.117161
-2.49324
-0.108463
0.412183
-4.34223
-1.59752
-0.276864
-1.747
-0.481338
-4.0412
-0.662771
-1.6184
1.56075
-1.25095
-1.04975
1.2313
4.41923
5.80343
-5.59175
1.0166
2.88229
0.630177
2.0087
2.99881
-0.21717
0.220038
-1.14701
-0.635945
-3.7336
-2.69579
-5.84982
-0.674001
1.03668
1.83166
-0.875698
-1.65557
1.52754
-0.866512
3.11237
3.34846
1.83157
-2.24564
1.52907
3.57067
0.412763
8.07444
2.44853
1.85366
3.70467
1.00467
-2.89966
2.71773
-0.382122
1.69344
-1.66857
-0.654866
0.886563
-0.565203
-5.55187
-1.82137
4.6158
1.70412
2.16871
-0.965453
3.82189
-3.79385
1.83703
-1.50273
2.7485
1.36497
0.209846
-3.82928
1.51653
-1.92804
0.0491961
2.37571
-1.63512
1.26957
-1.55397
-2.02402
-0.867397
0.73159
-3.64068
0
0
5.29862
0.215644
0.711509
0.6704
4.73128
-0.0475786
3.45381
0.149968
-2.81558
1.9342
0.669484
1.56563
-1.24204
0.343943
0.512925
3.07453
-1.29988
-0.223914
-1.07666
2.38545
0.720603
-0.183599
-2.03787
-0.430403
0.281106
3.53294
0.919523
0.712699
1.37107
0.558489
5.31053
0.0996429
-1.2562
2.635
-6.29777
1.537
2.89752
-1.56987
-0.666341
-2.28883
1.45445
-0.74102
-2.75304
1.79971
2.35331
1.93789
-0.105716
-0.27015
-0.826258
1.04736
0.928007
-1.14512
-2.73232
2.15619
-0.414716
-2.07504
1.3961
2.5428
1.17963
-3.07315
3.95077
1.32408
0.589984
0.231117
0.855403
0.831202
0.325846
-0.962157
-0.722556
0.143711
-1.11121
-0.727897
-0.612659
-0.531999
-2.98788
1.34846
0.286447
-0.270089
3.70785
-2.44087
-1.37486
0.834864
1.92071
1.89077
2.70888
-1.06253
1.70867
1.5696
0.43968
0.271554
4.53246
1.25706
0.958739
5.16501
-2.79287
3.63805
1.30039
-6.28742
-3.7904
2.35359
0
0
-1.59645
-3.01093
2.51863
3.40638
2.72173
-0.71926
-3.4648
-1.08768
-0.925077
1.9089
-1.73476
-4.24696
0.195654
-2.43822
1.74288
2.91513
-3.31724
2.68224
0.120792
1.65651
0.022187
0.521775
1.05115
-2.57149
0.240883
-2.78857
4.59822
3.10755
-0.980224
2.91089
-3.25016
-2.7513
-1.7427
-3.82394
7.48198
1.08683
-0.957213
-0.115879
0.463881
-0.0820338
-2.18818
-0.883145
2.42463
-2.98437
6.33653
-2.9284
-2.35954
0.798975
-1.37031
-2.1193
-1.68413
2.36854
1.665
1.70223
-2.98639
0.155614
4.52635
-2.833
0.292886
0.334422
-3.53697
-2.95099
3.72546
3.23484
-3.37007
0.596484
-1.76748
-2.89425
-0.361766
-0.941557
-1.4767
-1.08969
5.18583
-2.25126
0.15717
1.29759
-0.677236
-2.50819
-1.05017
5.35966
0.400769
-0.91702
3.41646
-0.630512
2.05344
4.20743
-0.898007
-0.227302
-0.367351
5.69921
2.06555
0.771783
-1.31953
-4.38282
2.03046
0.0563676
3.95474
-2.82788
3.98196
-1.50411
0
0
-0.12949
-4.66485
2.90457
1.04373
1.95004
-2.24213
2.1088
-0.810389
-1.1503
4.64711
-2.46306
3.02734
3.44627
2.34541
-3.65966
6.884
-4.49535
-2.6588
2.21332
2.80715
0.237495
-1.25684
5.25877
1.97635
0.184637
2.56581
0.705893
1.37645
-1.29984
-4.57692
-0.731193
1.68578
-1.55388
-3.02973
4.36854
0.635304
3.65929
2.47075
1.82098
-2.87713
1.7893
-2.01694
2.35792
1.0445
-3.71999
1.70629
3.84149
-2.94784
2.38548
1.72338
-6.26447
0.708121
-0.862728
4.20942
2.98987
0.0295724
5.56026
-4.22275
2.38371
2.54561
0.39671
-0.617298
0.837672
0.665609
0.364482
-0.43318
-4.13489
-0.781304
0.808893
1.05509
-6.91491
-0.00256349
3.74807
-0.732536
0.790796
-3.20783
3.54277
-1.23588
1.71453
1.75393
-0.39378
0.751122
-1.2671
-1.15873
2.29734
-0.656087
2.1825
5.46785
1.60125
-2.36692
2.45891
-0.763268
-0.347606
-0.355358
0.84106
0.855983
-1.32969
2.28385
2.35597
0.831751
0
0
1.21912
1.46995
0.242988
-0.335001
-0.491409
-1.21216
-4.33616
-0.932035
-2.04627
-0.139927
-4.20011
-1.09189
-2.95996
0.65154
0.163396
-2.84985
-1.31773
-2.65349
0.115513
0.194342
2.64727
-4.88891
3.88232
4.16288
-1.80822
0.797876
1.97259
1.71221
-1.21442
-0.901731
2.76492
-0.372997
0.0581681
3.10498
-0.488845
1.80383
0.160253
-4.86755
1.92261
1.60225
0.035249
1.28513
-2.37153
2.11466
1.326
-0.778924
-1.22999
-1.44096
-2.23426
1.21873
2.61361
2.07422
-1.67949
-3.55983
4.25498
-4.98309
6.25751
6.77728
-1.56667
-0.0248116
-0.593341
-0.0842006
4.17145
-2.13001
-2.97656
-5.31721
2.60042
-0.554216
0.452101
2.30061
6.16666
-1.12268
-1.35569
2.35246
-3.43132
0.599658
-2.60674
-2.52168
4.03244
-0.43556
-0.0474563
-1.69106
1.47826
-1.72979
0.853054
-1.1999
4.17396
0.0492874
2.95761
2.31346
2.23988
-0.693503
6.69549
6.52632
-1.71358
3.31907
-6.81982
-3.77941
-3.05258
1.85284
0
0
0.659597
4.5414
-0.554521
-5.14685
2.71361
-0.298105
1.50545
4.67446
0.319437
-1.55477
1.66015
-3.56395
-3.2743
3.04111
1.4579
-0.274667
1.73827
-1.61702
-5.08383
-1.86242
-0.321604
3.05515
-1.24836
-0.473342
2.34577
1.67937
-3.3321
-4.18989
4.14844
-2.44893
-1.55913
1.72472
-0.965758
0.909696
-0.602008
1.90222
0.119785
-1.18622
-0.20426
-0.409955
3.28486
0.391705
-3.39085
-2.34422
-0.473586
2.88141
3.21137
2.60912
-1.56368
0.770318
0.457991
-0.978942
-1.57454
6.09369
1.87994
0.147344
0.617969
1.1453
1.79089
-0.177954
-0.00192277
2.52532
-4.59856
-2.44932
2.52239
5.38566
-5.29048
0.235786
2.71679
6.59365
-0.906766
3.34544
0.290811
2.83847
2.99185
1.59032
-0.747032
0.0780056
-0.0877105
-1.0997
2.39409
1.29908
-0.536302
4.25248
3.50108
-1.82028
-3.88937
0.449995
-0.104099
2.51662
4.67321
1.3108
-4.50621
-3.39265
-0.175512
-3.05921
-2.49754
1.70681
-0.157445
6.94772
0
0
0.278726
-4.75768
1.42915
0.504532
-0.957396
3.36647
0.219368
-1.2497
1.56087
-5.10923
1.43037
-0.0621357
2.92953
-1.2425
1.39705
1.23103
1.46452
3.48537
-0.42262
3.0311
-3.21931
-0.646199
2.37135
2.99426
-2.54079
-0.890713
-1.10642
2.43602
0.59505
0.309061
0.237953
0.717063
9.90469
-1.30692
-0.0342112
-3.3665
2.01947
-0.420423
-1.21912
3.03989
-3.23896
1.14866
2.46232
-3.2902
2.97607
-0.916624
0.482955
0.522294
6.19211
-1.97031
1.57033
-1.57405
2.24433
-0.0903958
2.60622
2.28535
-0.622578
2.50774
-0.358409
-0.813349
0.0346386
3.07556
-0.076052
0.651295
-1.06919
0.365001
0.232551
1.16749
2.34513
1.36268
2.55766
-3.76409
-1.36604
-1.33323
-1.54564
5.1077
0.203589
-4.81457
0.102451
-0.013062
-0.154393
-2.47649
1.64602
4.72063
-2.62709
-1.669
-0.24076
0.850124
1.81124
1.87347
2.12793
-1.18625
0.221626
5.67769
2.04773
2.10147
-0.292917
0.636281
0.882717
6.12348
0
0
-8.0426
2.8309
-1.42558
-0.137791
-1.73986
0.334818
-0.795861
2.48436
-3.33146
6.56825
-0.782251
-3.48839
0.0179448
-2.13923
-1.10913
2.72253
2.72662
-1.40727
3.3979
1.21708
0.197241
2.19691
-6.48705
5.18421
-0.921415
3.96246
-1.53413
0.559892
1.97732
0.867366
-2.12412
-1.50792
-4.04572
1.92611
-2.92871
1.01785
-0.0675374
1.464
0.8081
0.250648
-1.69509
1.07932
-2.34709
2.37196
1.06821
3.70376
2.38704
1.93536
0.248482
2.95505
3.7148
4.06781
-0.0730001
-2.02661
-0.89349
0.0817897
6.74828
0.143193
-0.125522
0.360057
-0.255776
-2.48689
4.1648
-1.1626
-2.73696
-2.26203
-3.41581
3.03336
-2.25556
-0.254097
-2.09125
6.16874
-3.79928
-2.01028
0.969512
-0.190527
5.07733
-0.00903332
5.89135
2.79327
-3.42009
1.23795
-3.37361
4.07395
-1.19504
1.79424
-0.139775
-0.802576
-3.64031
-0.42906
1.78314
4.30335
-0.971435
-2.76186
5.29383
1.08255
-2.96121
-0.670492
-0.571642
-0.912198
0
0
1.38734
-1.68206
0.133366
0.660146
-3.90844
-3.03339
0.48619
5.00262
0.191626
2.19498
-2.39943
1.63601
-0.0303354
1.53935
4.36286
0.296182
-0.173254
-0.40968
-9.00955
0.438704
1.99573
0.029328
-2.97897
-5.53679
5.31169
0.436751
1.18015
0.038667
-2.44499
-2.40605
0.470321
-1.13312
1.79989
-1.03937
1.34977
-3.7542
1.22523
0.764977
-1.99597
2.79119
-1.20664
1.5801
5.58354
-0.700735
0.489029
3.17591
-1.38914
2.60741
0.605945
1.17066
0.787622
0.251717
3.14216
1.22764
0.806085
-0.358104
-1.40782
2.4995
0.64156
6.37104
-1.67733
-1.07437
0.78103
2.56401
2.31071
4.48167
-0.131504
-2.97345
2.02664
3.46318
2.33891
-1.93457
-3.73779
0.728935
-2.4908
0.733085
2.26148
-3.05823
-2.21806
-3.28599
-1.40349
0.352184
4.83822
-1.53804
-0.75631
-0.493118
0.416334
1.78765
2.28672
-4.0683
-1.03949
1.63799
0.982238
2.51222
-3.32792
3.1988
1.88678
-0.829829
0.283883
1.32249
0
0
-1.1702
-0.223914
-0.100803
1.78887
0.556261
-1.6108
1.78646
-1.33775
-4.76205
-0.658223
-1.66387
4.12729
-4.86581
-0.634388
0.765465
1.01325
-1.40715
0.735771
7.22275
-0.748772
0.979553
-1.73318
3.07041
1.64977
3.75896
0.595935
1.56554
0.784784
0.83993
-1.8757
0.728721
1.13553
-2.15427
4.48232
-2.00534
-4.59407
-2.70489
-0.193121
-8.20408
2.69509
6.92392
-0.890652
-5.31983
3.49849
-1.12561
3.98837
4.86993
1.26234
0.941527
-2.13941
2.4051
-0.60744
-1.44993
-1.01999
0.18067
4.56871
-0.299509
2.39354
-1.04733
-2.62682
10.0218
2.07489
-0.936918
-3.69942
3.37141
0.901486
0.263527
3.52995
-1.07346
0.348399
0.423536
-2.1424
-0.535173
1.16205
0.0393993
-3.26679
0.176946
2.53243
1.71258
0.803552
0.866939
-1.18317
1.58104
0.314097
1.49742
3.01727
-1.76897
0.875087
-2.10193
2.32548
1.02747
0.0488296
0.366436
0.303262
2.79724
-5.57329
-2.18946
8.58968
1.58156
0.469283
0
0
2.42009
2.24857
-1.21781
-3.77709
0.471633
5.32685
-1.37828
3.72399
2.41145
4.43153
-0.167211
-3.40504
0.932554
1.5634
1.13163
-1.47917
2.30094
-4.45961
0.522111
3.60567
-2.15799
1.67736
-1.81497
-0.2219
-2.61538
0.343333
6.98016
1.90695
-1.05704
-1.571
-1.8218
0.114414
3.11237
1.2176
1.23112
0.999786
2.02039
3.32945
1.5623
1.00577
-3.1962
0.872677
-5.4124
-0.280496
-0.00787377
3.00867
-7.14216
-1.04538
0.563402
-0.94995
-0.503738
0.895504
3.67
-3.75384
4.05994
0.713981
2.60262
0.329753
2.09229
1.49159
-0.834925
-3.72741
0.563433
3.59761
-2.20203
-2.03186
2.85754
-0.565386
5.15079
1.22193
2.56337
2.26307
1.11631
-0.636219
-0.683981
2.25065
1.64132
1.06162
-3.10434
-0.949004
3.14255
-1.46184
3.98419
2.07871
-3.22974
-3.04959
-0.291971
0.243019
3.48036
1.13422
-0.0207832
5.58901
-0.270485
4.07895
-3.29096
0.953459
2.60643
1.63469
-2.30943
-2.74804
0
0
-0.913999
2.2157
0.40199
2.45067
-5.28538
-1.95807
4.01175
1.81259
-3.78091
1.48256
3.13068
4.18741
0.42433
-1.64937
0.922849
1.95453
-0.69274
-2.17823
-1.44115
0.0864588
1.86789
1.34791
-0.544755
0.999115
-5.12912
3.76507
-1.05026
-0.895566
3.32777
0.0789514
1.96332
-2.17148
1.82244
-2.04227
-0.998138
0.212287
-2.68987
-2.25193
2.11881
0.715903
-0.0608537
-2.83554
1.49236
-2.58476
-1.52394
-0.981079
1.40892
3.04059
2.68435
-3.03128
0.583331
2.2313
-2.11682
5.77151
3.13831
-0.354534
-2.05567
-2.92999
-1.60024
-0.351665
0.313364
0.0354016
2.28718
0.132633
3.77453
-1.45036
-0.0838037
-4.9133
-0.778344
-1.50114
-0.487625
2.99878
-1.86377
1.8923
2.26981
0.704337
0.443342
3.3144
-3.04746
0.518845
5.03674
-0.377636
-0.914365
0.520402
1.83535
1.16276
-0.678701
2.01318
1.4026
4.21113
4.27516
-0.901212
-5.35749
1.04968
1.75646
-1.40437
-8.56639
-1.11487
-0.930723
-1.32365
0
0
-1.71541
2.30555
0.170019
3.05744
-2.43489
-0.609973
4.74703
-2.26704
3.17988
-1.18146
3.13666
0.374249
2.6205
-1.1539
1.02301
-0.181219
-2.31626
1.4434
1.21091
-2.71236
2.49614
-3.75536
0.912931
0.930235
-2.89578
3.15271
-4.40156
-3.19028
-2.66314
1.17215
-3.92132
-4.10245
-0.679616
1.80798
-0.289712
1.53804
-2.70067
4.87252
3.48131
2.90997
0.440382
-1.03281
-1.0206
-0.571795
-1.3704
5.01389
-2.01871
-0.182501
-3.82876
-2.52861
-0.919431
-2.37498
1.18012
-1.44905
3.16169
1.29136
0.302439
1.63442
-2.99039
3.71282
-3.00531
-4.13651
2.61907
-3.19221
1.2414
0.0424207
-1.58467
6.59004
-1.78835
-0.0824
-1.48717
-0.521775
2.17038
-5.59838
-1.4947
0.455184
-6.82263
0.801416
-1.01868
-0.372356
-0.915586
1.59932
-3.75542
-3.50359
1.19803
-2.06504
2.50615
-3.64834
1.0007
-1.10761
-0.723136
0.672506
-0.329783
-2.32063
3.21946
2.41197
3.47816
0.213569
0.195501
-1.08032
0
0
-1.41762
3.74856
2.94223
-4.3188
3.28666
6.08316
-5.10916
5.59496
3.02072
2.67928
-2.19266
0.187994
-1.03961
0.506668
0.211157
-1.43312
0.0850246
-2.28205
-3.97525
-1.40858
0.757225
0.778374
3.22513
1.21043
-1.03803
-1.29502
1.95541
1.86532
-0.297861
-2.10028
1.29707
3.63799
-1.93622
3.11976
-1.25425
-0.0562454
-2.52947
0.990692
-1.90045
2.35054
-1.56096
-0.0277414
3.3574
1.11216
3.82977
-2.07666
0.433149
-1.58489
-0.599322
-0.239936
1.6278
1.41212
3.71328
-0.727195
0.822077
3.72494
1.16208
-0.533738
-0.613147
-0.637165
1.97415
0.334361
1.05097
-0.331248
-1.4912
1.54137
2.70009
0.384594
1.02368
1.05823
0.0231025
2.82296
0.887722
2.01157
5.6325
-2.84924
-1.33186
1.72951
0.295602
-0.728996
0.50969
0.413068
-3.19718
-2.57527
-1.74328
2.14817
3.2186
-3.0918
0.35728
4.64437
-3.26637
2.45228
0.407727
1.7513
-2.34074
0.0250558
0.571001
-0.00897241
4.24973
-5.34416
0
0
0.189245
-0.268777
-4.01437
2.39665
-0.0551775
1.70544
-2.24247
1.14347
2.58202
2.9379
0.759606
-0.152745
-1.01318
-0.223426
2.51109
4.95819
0.382244
2.524
-2.61818
1.9501
-3.34983
-0.0156865
0.122532
1.4536
3.37394
0.624928
2.28736
1.70284
-0.02884
1.84863
-0.221107
-3.03009
-1.40233
0.396374
2.93121
1.50945
-0.863918
-0.980132
1.61827
2.26939
-0.012879
3.06464
-2.63417
-1.80303
0.865444
-1.06067
5.48076
2.33052
0.293405
1.30155
-1.32893
-1.62624
1.46809
-2.24552
-4.32005
0.728385
4.07062
0.843379
1.35612
3.92911
3.23725
1.75668
0.854823
-0.0896023
3.26286
-3.10327
3.10761
0.0789207
-0.432753
1.19605
3.08911
0.682608
0.560076
-3.11707
-2.54616
0.703635
2.03104
3.41493
1.15546
3.19794
1.41758
-2.15177
1.80844
1.15439
0.971649
-3.6841
1.36872
2.12778
0.882839
-0.588977
4.13431
-6.21021
0.384258
-0.55565
3.34901
4.83438
-0.228614
-4.64223
2.06442
9.55382
0
0
-0.766503
4.70824
-1.331
-1.82763
3.45003
1.33784
3.52617
1.44035
-4.06079
6.44908
-2.21082
2.67391
-0.273629
-1.26301
1.09024
0.456221
1.39613
-2.46818
-0.724998
-3.03461
-0.273934
-1.29771
7.31571
-1.75787
0.603504
-0.199377
-2.19712
-0.432295
-1.71267
0.506821
0.923429
-0.213813
1.58415
3.11801
-1.69298
3.57222
-1.8066
-1.32478
-1.22968
-0.659383
-3.58638
2.5027
1.23701
-3.10624
1.86746
0.583575
-1.78378
-3.24934
-0.975066
-0.171148
2.76138
0.604663
-2.42686
2.97525
-3.5208
0.360332
2.75368
-0.0513016
2.95712
-0.642872
-1.60967
1.67736
-1.58049
-1.5649
-8.96448
3.78408
-1.7401
3.18317
-1.33287
-1.9548
5.42528
1.70455
1.35691
0.553148
2.02377
-4.89312
0.60213
0.787988
0.901792
4.41594
-0.656728
1.81011
-2.53172
2.44807
-0.0116578
-3.36503
2.61715
-1.41307
-0.488205
1.66848
-0.4991
0.107395
2.41304
-4.022
0.00714129
1.50554
5.27598
2.59902
-0.663106
1.73681
0
0
2.79971
3.37806
-3.32814
4.46821
1.15049
4.07328
0.925657
2.30418
-0.975646
-0.684744
1.37394
-3.41227
8.1644
0.876797
-0.293588
0.198187
-3.48643
-3.1984
-1.21769
2.20597
2.66421
2.87939
-2.11682
3.98221
0.614124
0.424024
0.772301
0.357982
0.204352
-4.02594
1.12296
1.02405
-2.14731
3.3592
1.60228
-0.187261
2.59984
-0.680105
3.39689
1.57115
4.71731
-3.60298
0.133549
-1.15967
0.599536
-2.11817
2.28953
-3.16355
2.6281
0.518967
-1.25956
0.791742
0.767357
-1.08683
4.06207
4.4684
0.200964
1.1858
-1.15928
-1.79235
-0.148533
3.11573
1.82778
-2.12079
3.00983
0.553178
-2.65801
2.70235
-0.15125
-1.23664
1.20386
6.22715
-0.720603
-0.100559
-1.16572
-0.396863
0.441358
1.65722
4.44963
-2.65886
1.55724
-1.67721
0.207648
-3.22678
3.34181
-0.505448
5.65813
5.67586
0.219123
-0.146458
-0.128819
-0.416059
6.23341
1.83044
6.24412
0.180792
-1.26563
2.4463
1.79998
0.0149543
0
0
0
0
0
0
0
0
0
0
0
0
0
0
0
0
0
0
0
0
0
0
0
0
0
0
0
0
0
0
0
0
0
0
0
0
0
0
0
0
0
0
0
0
0
0
0
0
0
0
0
0
0
0
0
0
0
0
0
0
0
0
0
0
0
0
0
0
0
0
0
0
0
0
0
0
0
0
0
0
0
0
0
0
0
0
0
0
0
0
0
0
0
0
0
0
0
0
0
0
0
0
0
