0
0
0
0
0
0
0
0
0
0
0
0
0
0
0
0
0
0
0
0
0
0
0
0
0
0
0
0
0
0
0
0
0
0
0
0
0
0
0
0
0
0
0
0
0
0
0
0
0
0
0
0
0
0
0
0
0
0
0
0
0
0
0
0
0
0
0
0
0
0
0
0
0
0
0
0
0
0
0
0
0
0
0
0
0
0
0
0
0
0
0
0
0
0
0
0
0
0
0
0
0
0
0
0.439161
0.00872829
0.622517
0.10419
0.31843
0.312601
0.0752892
0.0842616
0.0680563
0.879086
0.27546
0.747948
0.396039
0.604236
0.974761
0.0200201
0.487381
0.554552
0.608875
0.187811
0.197607
0.511643
0.288644
0.0519425
0.224769
0.581103
0.598163
0.657674
0.541185
0.0222785
0.730491
0.0120853
0.866146
0.955016
0.992828
0.694266
0.461135
0.0992462
0.211737
0.763878
0.0281991
0.20481
0.0703146
0.875362
0.9935
0.325938
0.908078
0.00283822
0.956328
0.59859
0.014893
0.683248
0.586016
0.675466
0.950835
0.182562
0.74694
0.475723
0.92172
0.492904
0.133366
0.405255
0.743553
0.565233
0.195441
0.704031
0.425428
0.685232
0.637287
0.0765709
0.903195
0.397565
0.268685
0.261879
0.954405
0.885495
0.491623
0.699088
0.826624
0.211554
0.202673
0.945067
0.609394
0.326334
0.392743
0.000244148
0.882046
0.250313
0.225318
0.19895
0.667653
0.336436
0.874477
0.820124
0.225379
0.0186773
0.903897
0.0754418
0.711631
0.953429
0
0
0.468215
0.630512
0.241676
0.959258
0.117832
0.315134
0.383038
0.662343
0.488388
0.179876
0.61153
0.252846
0.656453
0.554155
0.761681
0.25895
0.442305
0.262642
0.00238044
0.744682
0.441389
0.656301
0.369366
0.837947
0.0654012
0.613788
0.385205
0.994812
0.374493
0.17008
0.798883
0.906247
0.981567
0.928343
0.975555
0.453993
0.810297
0.910794
0.967803
0.621235
0.987915
0.00595111
0.800134
0.764641
0.653768
0.667348
0.997375
0.154149
0.965392
0.0204779
0.888394
0.186407
0.0829188
0.034547
0.716605
0.17832
0.413556
0.914457
0.0885037
0.147069
0.896603
0.370006
0.791009
0.482406
0.611103
0.918516
0.509262
0.91821
0.486923
0.876186
0.476485
0.70867
0.400555
0.196051
0.586077
0.41612
0.437056
0.807337
0.998413
0.216315
0.598926
0.612903
0.772607
0.127537
0.743919
0.801752
0.555284
0.0697653
0.0324107
0.631519
0.857051
0.160344
0.665761
0.338572
0.947966
0.151921
0.196936
0.330729
0.903714
0.419538
0
0
0.1948
0.319956
0.833216
0.402448
0.543046
0.550279
0.819178
0.907743
0.155004
0.778069
0.602863
0.181005
0.386151
0.160253
0.543962
0.15125
0.924619
0.707114
0.887631
0.755669
0.441755
0.455672
0.86877
0.750725
0.783776
0.0202948
0.686026
0.916044
0.985473
0.676077
0.875851
0.0567949
0.887417
0.632038
0.118229
0.711631
0.638234
0.649892
0.00555437
0.971191
0.862606
0.664785
0.805139
0.315104
0.776574
0.564135
0.747703
0.872158
0.0314646
0.781182
0.872066
0.010651
0.567583
0.858882
0.957884
0.665487
0.258705
0.641072
0.577715
0.307138
0.62917
0.246712
0.799005
0.960234
0.424238
0.483535
0.568224
0.176427
0.315256
0.857448
0.307566
0.369396
0.520951
0.833888
0.755913
0.4167
0.625843
0.507401
0.585162
0.935911
0.37727
0.335704
0.823267
0.14069
0.74218
0.0942106
0.614917
0.683187
0.00482192
0.707938
0.351756
0.389019
0.186987
0.116153
0.702719
0.291086
0.571245
0.826868
0.575915
0.868435
0
0
0.609577
0.316721
0.543779
0.896573
0.997528
0.933103
0.762047
0.815119
0.195929
0.454207
0.91409
0.0195318
0.180975
0.963744
0.212195
0.982879
0.704093
0.196204
0.986572
0.613666
0.842769
0.00924711
0.893246
0.756615
0.123936
0.139134
0.272744
0.242042
0.000488296
0.895657
0.69042
0.390423
0.962767
0.952818
0.189093
0.378124
0.065981
0.891415
0.28663
0.370922
0.155095
0.649861
0.248299
0.831324
0.567888
0.539506
0.666097
0.905667
0.598071
0.980468
0.87582
0.297952
0.499283
0.614582
0.243324
0.536149
0.311411
0.951659
0.851222
0.0369884
0.290384
0.204779
0.617054
0.8764
0.222785
0.471969
0.374584
0.670766
0.406293
0.918973
0.949126
0.476058
0.577776
0.121006
0.758049
0.110721
0.569445
0.218543
0.968383
0.808679
0.975158
0.0439161
0.741905
0.608417
0.60741
0.874783
0.599597
0.385113
0.0269478
0.970916
0.436323
0.931089
0.925565
0.550432
0.217383
0.991699
0.643757
0.361766
0.887661
0.662404
0
0
0.604633
0.507279
0.525101
0.0534989
0.94467
0.675497
0.269662
0.628529
0.123417
0.437666
0.0587176
0.122837
0.792627
0.764763
0.700308
0.448592
0.706504
0.421857
0.315775
0.492203
0.954466
0.395398
0.682669
0.210608
0.296823
0.00997955
0.509232
0.932798
0.886105
0.891018
0.171819
0.272286
0.153356
0.428999
0.946501
0.557726
0.142735
0.902463
0.265908
0.186712
0.0737632
0.914823
0.0330821
0.810327
0.413984
0.302408
0.522721
0.753288
0.242103
0.169225
0.901883
0.57738
0.183905
0.204871
0.901028
0.193243
0.701376
0.942076
0.666707
0.427473
0.016419
0.109714
0.327006
0.450819
0.451247
0.738151
0.30137
0.974212
0.465224
0.172216
0.885647
0.61858
0.170782
0.649281
0.143681
0.364513
0.609027
0.597552
0.637165
0.488571
0.565996
0.311411
0.0241707
0.891903
0.211737
0.160314
0.0584124
0.227912
0.342479
0.986602
0.0200507
0.734825
0.507675
0.849239
0.109256
0.179662
0.803186
0.76989
0.834223
0.81988
0
0
0.61156
0.636433
0.924039
0.788568
0.0709555
0.921628
0.798975
0.810083
0.553758
0.372051
0.127873
0.651753
0.936277
0.32429
0.505173
0.218207
0.94055
0.80401
0.778191
0.694693
0.329844
0.0646382
0.0559099
0.6451
0.23899
0.722098
0.931028
0.471816
0.420362
0.140629
0.945585
0.142766
0.68749
0.227882
0.832514
0.592425
0.336985
0.293527
0.563616
0.702933
0.8305
0.129154
0.735282
0.271371
0.517197
0.964934
0.323618
0.870052
0.679098
0.459334
0.339793
0.00491348
0.679342
0.378704
0.417096
0.479812
0.495773
0.122044
0.860805
0.37141
0.420209
0.748192
0.192358
0.522263
0.204901
0.660787
0.718741
0.957244
0.43791
0.608112
0.158574
0.130192
0.427747
0.153264
0.856166
0.407331
0.379376
0.271615
0.614551
0.692373
0.142491
0.231086
0.679098
0.601306
0.312998
0.412336
0.902646
0.0917692
0.969695
0.224219
0.623493
0.953978
0.826411
0.771447
0.287729
0.0689413
0.0821253
0.430433
0.346629
0.841151
0
0
0.748985
0.989593
0.461043
0.710349
0.740257
0.510056
0.543474
0.150609
0.499588
0.563982
0.66921
0.0613727
0.452101
0.0052797
0.388104
0.957671
0.0592669
0.930509
0.46791
0.865017
0.758568
0.984863
0.600208
0.32606
0.568896
0.670614
0.101016
0.424696
0.643544
0.813471
0.136326
0.233741
0.551622
0.84344
0.504501
0.593005
0.569079
0.0464187
0.506424
0.623554
0.760888
0.442824
0.935087
0.88461
0.135502
0.44911
0.71514
0.57918
0.65276
0.979308
0.224433
0.714805
0.366619
0.141514
0.828303
0.625721
0.48381
0.187139
0.657949
0.762566
0.619892
0.867733
0.164281
0.155705
0.0336314
0.856502
0.478591
0.459059
0.121464
0.390576
0.110508
0.979736
0.952605
0.790246
0.0159307
0.600726
0.126499
0.0110782
0.564714
0.0021363
0.734336
0.886135
0.440077
0.0876492
0.704245
0.212989
0.00134281
0.0220954
0.313669
0.34376
0.140294
0.78692
0.148106
0.432356
0.163152
0.659139
0.28901
0.996765
0.729301
0.520707
0
0
0.0109561
0.951933
0.377483
0.403943
0.770226
0.769555
0.671865
0.179693
0.765282
0.920957
0.497604
0.794275
0.8511
0.25959
0.538896
0.961425
0.0880764
0.499374
0.469222
0.71569
0.707083
0.444411
0.886288
0.73336
0.771447
0.127659
0.521867
0.827204
0.318003
0.513474
0.758782
0.521317
0.257363
0.921171
0.985321
0.112247
0.815638
0.825343
0.819025
0.122776
0.798059
0.189642
0.730888
0.554399
0.456404
0.989685
0.101169
0.845088
0.241035
0.0819117
0.238014
0.938078
0.219001
0.0743126
0.39024
0.368664
0.439344
0.355296
0.285562
0.774407
0.0270699
0.937193
0.225532
0.735588
0.28666
0.27015
0.268197
0.352
0.596881
0.683432
0.529923
0.462416
0.377483
0.609424
0.137822
0.912687
0.90994
0.247444
0.863582
0.778924
0.292245
0.823206
0.970122
0.9523
0.310617
0.0998871
0.302805
0.991058
0.507523
0.298105
0.155644
0.646565
0.22898
0.0796228
0.944243
0.96939
0.931181
0.752129
0.21662
0.401715
0
0
0.528245
0.350932
0.0333873
0.762352
0.0623798
0.753807
0.247993
0.530412
0.477462
0.485366
0.718833
0.334452
0.777154
0.366955
0.9841
0.0524613
0.349345
0.668874
0.430921
0.429762
0.737968
0.920255
0.489853
0.620594
0.64272
0.033845
0.885861
0.559893
0.429334
0.901517
0.47734
0.571245
0.930296
0.116123
0.714408
0.117496
0.817896
0.977508
0.247169
0.100314
0.331187
0.436995
0.716056
0.614551
0.637349
0.13831
0.254799
0.564104
0.608905
0.210212
0.737663
0.0454421
0.298807
0.967009
0.302011
0.904813
0.893551
0.174108
0.177526
0.3755
0.426008
0.0339061
0.353313
0.201605
0.0297861
0.548631
0.114231
0.154149
0.0152593
0.416486
0.977386
0.346233
0.549486
0.117252
0.0605487
0.253121
0.22074
0.343547
0.413343
0.843837
0.269173
0.434095
0.342418
0.729942
0.764611
0.965056
0.262337
0.738701
0.512925
0.155919
0.102725
0.815912
0.972228
0.246345
0.803797
0.665181
0.959899
0.499283
0.930387
0.029725
0
0
0.432142
0.988037
0.936949
0.0232551
0.116916
0.822321
0.113926
0.415571
0.281503
0.970244
0.747093
0.27958
0.416364
0.332011
0.520859
0.906308
0.116031
0.222175
0.697226
0.393017
0.938658
0.916105
0.101199
0.812006
0.525163
0.416913
0.444227
0.365459
0.759819
0.100131
0.016541
0.432997
0.252327
0.390576
0.280343
0.917875
0.924406
0.129521
0.393963
0.798364
0.980071
0.787103
0.199622
0.290628
0.042909
0.176611
0.704856
0.528947
0.740043
0.827601
0.589373
0.169744
0.514634
0.672567
0.768853
0.825922
0.948454
0.205084
0.546342
0.737358
0.375134
0.764519
0.382855
0.583911
0.0659505
0.103916
0.818445
0.84756
0.769005
0.89761
0.574786
0.629261
0.883023
0.344218
0.37083
0.327342
0.0474868
0.521928
0.482498
0.0834071
0.429853
0.651601
0.577654
0.402142
0.491195
0.92468
0.857906
0.8511
0.511795
0.0515152
0.0381481
0.246803
0.657704
0.187017
0.195471
0.23365
0.86935
0.388989
0.018189
0.661306
0
0
0.354137
0.266335
0.486648
0.667348
0.963286
0.97293
0.5168
0.871426
0.235023
0.20307
0.598254
0.586566
0.38493
0.345805
0.957274
0.454726
0.0248115
0.452864
0.276742
0.412152
0.891293
0.178137
0.503861
0.391217
0.36549
0.343486
0.777001
0.664754
0.0650655
0.288034
0.00299081
0.239143
0.289407
0.656972
0.116153
0.202887
0.600024
0.78573
0.549883
0.435804
0.316721
0.336589
0.952696
0.586505
0.211005
0.343059
0.679617
0.723258
0.178198
0.318979
0.0901212
0.56505
0.169134
0.588122
0.183935
0.699149
0.162908
0.490951
0.606098
0.690878
0.461959
0.624561
0.552324
0.492569
0.0906705
0.771813
0.606159
0.0574053
0.578631
0.676473
0.0386364
0.564714
0.910001
0.320139
0.60271
0.162572
0.920042
0.85754
0.352367
0.634693
0.920408
0.865993
0.518967
0.896939
0.833918
0.0658284
0.975127
0.730369
0.620441
0.167791
0.31782
0.657033
0.275124
0.003296
0.101993
0.364116
0.18009
0.594562
0.255654
0.583728
0
0
0.090762
0.320139
0.207984
0.833552
0.538499
0.832698
0.761467
0.925382
0.930204
0.884548
0.239448
0.647328
0.126591
0.718192
0.940519
0.52617
0.780389
0.177038
0.430403
0.0759606
0.214911
0.193579
0.703421
0.439406
0.125919
0.810236
0.744041
0.827693
0.886013
0.390088
0.520066
0.665822
0.734306
0.173101
0.939024
0.848994
0.632191
0.834437
0.798303
0.0166936
0.0659505
0.20069
0.260994
0.250618
0.578356
0.781091
0.88815
0.10242
0.309519
0.268624
0.758995
0.358287
0.329386
0.669149
0.71044
0.445509
0.0418714
0.212592
0.226691
0.888424
0.443007
0.70452
0.0108646
0.719016
0.513413
0.472854
0.769066
0.249031
0.527268
0.56682
0.238899
0.109745
0.558092
0.363872
0.993469
0.965392
0.963378
0.241401
0.0515763
0.806665
0.128697
0.468795
0.82638
0.230842
0.253182
0.976562
0.442579
0.614063
0.456893
0.158879
0.954619
0.58269
0.992004
0.365276
0.495956
0.68981
0.838527
0.238227
0.89172
0.702811
0
0
0.46614
0.552568
0.76513
0.408765
0.0434889
0.713218
0.669485
0.343547
0.875637
0.567248
0.276803
0.350993
0.35136
0.686911
0.154271
0.37846
0.181829
0.779138
0.159886
0.414991
0.211035
0.378796
0.988495
0.978118
0.580096
0.481002
0.89938
0.0560015
0.5262
0.269265
0.156865
0.910825
0.597522
0.59563
0.215094
0.649434
0.565447
0.368999
0.177984
0.968444
0.815424
0.507828
0.565996
0.978851
0.49733
0.613666
0.920713
0.517228
0.217139
0.021485
0.278634
0.849544
0.550615
0.383374
0.0454115
0.173559
0.160649
0.441572
0.301401
0.826685
0.799432
0.147252
0.0705893
0.604694
0.976287
0.781213
0.583239
0.0985138
0.573351
0.232887
0.0641499
0.454512
0.189184
0.0936613
0.0775781
0.464858
0.492599
0.721
0.959868
0.394452
0.367168
0.929441
0.371319
0.450209
0.128239
0.464827
0.498672
0.299173
0.593341
0.918149
0.938719
0.542039
0.287301
0.234718
0.795282
0.54738
0.563646
0.475784
0.0201422
0.554155
0
0
0.922941
0.987762
0.529374
0.447523
0.309702
0.636555
0.126255
0.114933
0.669454
0.262093
0.7622
0.78869
0.546251
0.0100101
0.166692
0.280648
0.00274667
0.696646
0.377789
0.516343
0.643971
0.863094
0.204016
0.273629
0.0252693
0.675527
0.14948
0.533097
0.227058
0.327006
0.832728
0.345683
0.876156
0.0976897
0.431349
0.6245
0.395947
0.729484
0.182989
0.766289
0.766442
0.27134
0.474471
0.509751
0.574908
0.0516068
0.54976
0.935942
0.639271
0.933561
0.368542
0.0176702
0.98468
0.510056
0.646474
0.624317
0.45497
0.394665
0.608081
0.38728
0.740196
0.263863
0.484085
0.33372
0.10123
0.808069
0.283944
0.693655
0.573199
0.246712
0.874996
0.787286
0.928312
0.56447
0.899686
0.398724
0.179937
0.123814
0.561785
0.542192
0.909085
0.811548
0.813044
0.0270394
0.193793
0.373974
0.971374
0.728019
0.424268
0.0984527
0.302194
0.966613
0.782952
0.496597
0.593677
0.910092
0.672658
0.145482
0.257363
0.394513
0
0
0.872921
0.343822
0.985687
0.0775475
0.706076
0.738334
0.497024
0.327891
0.994476
0.57741
0.400281
0.75692
0.0897549
0.747856
0.709494
0.799585
0.756035
0.250923
0.0402539
0.250099
0.187323
0.274453
0.0191351
0.159001
0.941527
0.516587
0.93704
0.997894
0.0710776
0.917814
0.177984
0.497818
0.232826
0.457503
0.454756
0.0680563
0.0570391
0.171148
0.382
0.200812
0.557726
0.044496
0.419019
0.768853
0.8652
0.940977
0.712485
0.621662
0.0621662
0.218329
0.870998
0.387066
0.404584
0.191443
0.202551
0.883694
0.708365
0.0965911
0.44612
0.0514237
0.183538
0.714164
0.52855
0.805597
0.496994
0.305795
0.378155
0.720939
0.344737
0.022309
0.326304
0.952361
0.315287
0.438429
0.127995
0.297952
0.325449
0.370617
0.132786
0.810938
0.409406
0.634846
0.637654
0.866695
0.142644
0.899533
0.9523
0.0910672
0.482131
0.290567
0.209052
0.0563677
0.303171
0.904904
0.44789
0.151036
0.415601
0.888028
0.00808741
0.529588
0
0
0.338908
0.232551
0.757988
0.54854
0.619007
0.953734
0.193457
0.595447
0.966887
0.797815
0.937498
0.716239
0.00100711
0.140355
0.670522
0.948027
0.874477
0.229896
0.0244148
0.762871
0.567766
0.433668
0.470199
0.529527
0.129521
0.641621
0.731223
0.398724
0.645192
0.484603
0.753044
0.518662
0.215613
0.523759
0.761193
0.986694
0.72689
0.0662557
0.437941
0.44377
0.692038
0.764794
0.749809
0.717734
0.946715
0.655995
0.456191
0.421339
0.47911
0.79519
0.831324
0.912015
0.176427
0.142399
0.630207
0.518998
0.768242
0.857173
0.829951
0.44438
0.748436
0.657399
0.177648
0.244087
0.557115
0.399091
0.0764183
0.295358
0.803247
0.533128
0.840236
0.156713
0.809809
0.594989
0.849361
0.226783
0.262307
0.384167
0.637501
0.608173
0.242042
0.989196
0.441572
0.58269
0.425611
0.314463
0.245949
0.604144
0.731315
0.265694
0.851741
0.214972
0.194372
0.249336
0.00289926
0.793023
0.351909
0.142979
0.100406
0.534379
0
0
0.918638
0.392621
0.535234
0.579211
0.0352184
0.39317
0.17185
0.686026
0.86993
0.808527
0.0134587
0.361309
0.854946
0.986908
0.580096
0.850337
0.338939
0.128788
0.0305795
0.895535
0.936949
0.36256
0.560503
0.668813
0.358257
0.384777
0.10596
0.783868
0.994812
0.821131
0.886196
0.794824
0.0498672
0.964354
0.814325
0.0874355
0.4897
0.0453505
0.309397
0.569292
0.597949
0.693899
0.539506
0.0647603
0.415601
0.744682
0.627918
0.821619
0.8464
0.0455947
0.853511
0.0350047
0.709616
0.42436
0.376385
0.795343
0.521592
0.469192
0.520341
0.366283
0.286813
0.280404
0.142888
0.19895
0.0800195
0.849117
0.124943
0.588946
0.700736
0.218757
0.510269
0.381756
0.180975
0.0864895
0.327097
0.633869
0.428266
0
0.622395
0.634541
0.784112
0.80636
0.740287
0.195685
0.780023
0.508957
0.375835
0.615345
0.872097
0.189337
0.435652
0.221168
0.435224
0.149022
0.236061
0.900418
0.798425
0.929014
0.070864
0.522385
0
0
0.602222
0.361827
0.678976
0.65981
0.259926
0.3137
0.644124
0.515091
0.803339
0.271767
0.257179
0.458205
0.894528
0.433729
0.87286
0.0819117
0.285104
0.455489
0.291513
0.180822
0.503739
0.51323
0.197882
0.560717
0.05356
0.836421
0.187414
0.0839564
0.900571
0.367351
0.412122
0.857784
0.534227
0.704367
0.376354
0.971038
0.381878
0.984161
0.91464
0.68627
0.857387
0.859981
0.882107
0.493149
0.826319
0.231697
0.589343
0.929289
0.76812
0.884274
0.512345
0.57503
0.416822
0.690176
0.309214
0.128269
0.161565
0.533219
0.674947
0.965697
0.988281
0.608753
0.0649434
0.0963164
0.24311
0.257302
0.819422
0.914335
0.000183111
0.987732
0.718925
0.656423
0.313364
0.845882
0.50325
0.971007
0.134434
0.785485
0.384136
0.504624
0.178503
0.196905
0.0834681
0.912442
0.517808
0.250649
0.428144
0.198553
0.185308
0.211402
0.0328379
0.792901
0.569597
0.379009
0.101871
0.270486
0.881466
0.812891
0.881466
0.119785
0
0
0.474502
0.49556
0.793634
0.465804
0.300424
0.0920743
0.783013
0.154668
0.280068
0.961547
0.907895
0.106021
0.872005
0.576312
0.70632
0.338816
0.619434
0.00643941
0.369304
0.577441
0.957091
0.624104
0.251595
0.844142
0.0588702
0.685263
0.75164
0.944029
0.00805689
0.944639
0.0920133
0.248848
0.0706809
0.960082
0.0314951
0.685965
0.353984
0.242378
0.0399487
0.33842
0.630665
0.907529
0.967437
0.562883
0.610523
0.986602
0.738548
0.0311899
0.440687
0.0505692
0.103702
0.6021
0.715323
0.305734
0.977966
0.429243
0.776666
0.81576
0.399274
0.211829
0.588092
0.00723289
0.636921
0.99414
0.960875
0.114872
0.481674
0.419721
0.415662
0.721824
0.24897
0.847682
0.459822
0.0524003
0.525956
0.235755
0.562334
0.17304
0.194098
0.19779
0.606861
0.757347
0.758507
0.140904
0.104862
0.572039
0.514908
0.889279
0.949736
0.340098
0.586016
0.700217
0.992798
0.136723
0.358135
0.0794397
0.223395
0.974914
0.349437
0.301035
0
0
0.833369
0.736686
0.0411084
0.0390637
0.947569
0.106449
0.702811
0.01648
0.301859
0.662374
0.743095
0.0781274
0.649403
0.782189
0.617115
0.593585
0.176763
0.519852
0.821619
0.596545
0.711173
0.109165
0.00936918
0.566607
0.999847
0.250313
0.754021
0.259957
0.842921
0.836268
0.996399
0.495285
0.361217
0.274514
0.703818
0.300607
0.180029
0.061037
0.773644
0.328196
0.809839
0.762352
0.711997
0.942961
0.00604266
0.0618915
0.119297
0.891018
0.388226
0.0274056
0.513627
0.95465
0.100253
0.254982
0.523148
0.49971
0.792993
0.0464797
0.979125
0.322062
0.710257
0.276376
0.940306
0.698935
0.159673
0.104129
0.180578
0.0514237
0.149632
0.18894
0.170293
0.125187
0.47322
0.562151
0.0834376
0.0942412
0.0208441
0.814539
0.860988
0.495315
0.602832
0.754143
0.862667
0.398328
0.0625629
0.190924
0.137303
0.719504
0.962401
0.00500504
0.844142
0.0833766
0.622547
0.153844
0.855312
0.139744
0.795373
0.775597
0.0713218
0.742027
0
0
0.75512
0.0440687
0.481002
0.893124
0.0852077
0.932127
0.496353
0.865322
0.944029
0.539354
0.594378
0.399945
0.0903348
0.140629
0.796655
0.393689
0.449934
0.61156
0.0180975
0.977233
0.504349
0.386822
0.816218
0.392773
0.283181
0.608631
0.571673
0.57683
0.241188
0.620197
0.63213
0.85403
0.801355
0.461623
0.450056
0.648762
0.845302
0.52385
0.245888
0.620594
0.932035
0.0168157
0.227882
0.129521
0.526749
0.408918
0.899869
0.438093
0.0203558
0.49266
0.488083
0.555345
0.821467
0.234169
0.0185858
0.130375
0.301767
0.0617695
0.0759911
0.300424
0.876278
0.75045
0.775384
0.900418
0.999573
0.558092
0.978179
0.940275
0.359172
0.770196
0.283486
0.755852
0.0476394
0.308786
0.826258
0.740013
0.994385
0.56212
0.412763
0.0599994
0.438185
0.0913724
0.0259713
0.267556
0.722587
0.370586
0.230811
0.207587
0.194159
0.215766
0.511124
0.132054
0.486038
0.060152
0.0696127
0.425367
0.967162
0.731162
0.122135
0.84698
0
0
0.638783
0.885311
0.216803
0.698141
0.259865
0.758202
0.61037
0.818537
0.981719
0.384655
0.232093
0.819361
0.273965
0.946043
0.266823
0.458876
0.422773
0.400739
0.888699
0.566973
0.382519
0.0541704
0.176061
0.424543
0.262154
0.224433
0.739769
0.00430311
0.22779
0.65978
0.0951262
0.979461
0.10239
0.864528
0.309732
0.905637
0.443922
0.98938
0.957518
0.483474
0.383557
0.442213
0.910825
0.307077
0.0044557
0.876186
0.00186163
0.00549333
0.543382
0.710654
0.0842311
0.18247
0.195166
0.841975
0.526231
0.061861
0.802484
0.699515
0.66689
0.243965
0.211463
0.304147
0.266579
0.479568
0.574419
0.484451
0.482498
0.867916
0.381329
0.907804
0.401044
0.384503
0.500931
0.0816981
0.658162
0.145604
0.0128178
0.982665
0.178594
0.31489
0.112003
0.467574
0.565783
0.0591754
0.866756
0.125217
0.173101
0.459365
0.111179
0.722983
0.388348
0.78225
0.25428
0.905759
0.162053
0.0203864
0.285592
0.302957
0.311441
0.105625
0
0
0.759819
0.700247
0.630726
0.702567
0.0410779
0.431318
0.33964
0.988464
0.588275
0.647542
0.900845
0.325755
0.562487
0.619983
0.737846
0.233497
0.538102
0.731376
0.884579
0.563524
0.598712
0.313608
0.0977203
0.288339
0.598773
0.987274
0.463515
0.80633
0.87289
0.6592
0.0292673
0.170904
0.173345
0.834742
0.492477
0.149785
0.117557
0.400464
0.476943
0.520432
0.92642
0.534165
0.42851
0.508103
0.734886
0.89758
0.661184
0.773034
0.256386
0.769005
0.584674
0.852168
0.0816065
0.271432
0.644948
0.462691
0.393506
0.352641
0.00900296
0.572893
0.379467
0.673452
0.524918
0.646931
0.122227
0.0604877
0.988525
0.969604
0.25016
0.679861
0.248024
0.457595
0.129002
0.587115
0.177923
0.863155
0.875576
0.811396
0.0528581
0.776666
0.974975
0.628071
0.35371
0.3343
0.782891
0.177801
0.536027
0.0369884
0.693503
0.0870998
0.792962
0.586993
0.25486
0.247353
0.343516
0.148167
0.0128788
0.408124
0.277261
0.936644
0
0
0.364879
0.741356
0.487197
0.547258
0.204138
0.0322275
0.72161
0.923338
0.637104
0.653645
0.286203
0.374493
0.553453
0.979705
0.428327
0.550218
0.331614
0.395245
0.933378
0.774194
0.459883
0.557146
0.966033
0.646718
0.354747
0.0638142
0.686483
0.320475
0.158147
0.189337
0.673421
0.356792
0.794
0.83816
0.684866
0.568041
0.0661336
0.376568
0.788263
0.752403
0.0783105
0.497818
0.390728
0.727958
0.757714
0.776299
0.20127
0.571429
0.763268
0.0675375
0.655568
0.468459
0.560106
0.410382
0.835078
0.0813623
0.94113
0.586901
0.411481
0.840754
0.77694
0.997223
0.647938
0.0672628
0.27604
0.00469985
0.987823
0.329661
0.535539
0.40846
0.262947
0.945311
0.664327
0.198645
0.0522172
0.029603
0.259835
0.251442
0.221656
0.000762963
0.519425
0.119755
0.177465
0.94528
0.767876
0.575823
0.863216
0.751579
0.682119
0.0619526
0.0324412
0.41728
0.994537
0.705924
0.828028
0.436476
0.955809
0.0566424
0.19895
0.673299
0
0
0.339152
0.197516
0.186895
0.628285
0.266457
0.392132
0.61272
0.503403
0.638234
0.920103
0.1948
0.972228
0.448012
0.258187
0.630177
0.0612506
0.763085
0.26368
0.669851
0.0491653
0.652272
0.515671
0.719565
0.789605
0.842402
0.471023
0.997131
0.364025
0.384259
0.59096
0.777581
0.471175
0.109989
0.0945158
0.757653
0.458785
0.162297
0.495499
0.0705283
0.404431
0.377514
0.578356
0.982299
0.151097
0.803186
0.970397
0.80105
0.704428
0.131901
0.965392
0.0306101
0.897305
0.332286
0.755852
0.299203
0.728446
0.258278
0.729301
0.0949126
0.280862
0.518754
0.985748
0.839106
0.626881
0.387432
0.73162
0.328929
0.625568
0.0357067
0.707236
0.0801721
0.0190435
0.868557
0.303629
0.601886
0.73394
0.245338
0.525132
0.133671
0.793908
0.366832
0.453658
0.877438
0.750237
0.609088
0.371563
0.254067
0.0357677
0.0862148
0.198767
0.217353
0.149113
0.72277
0.400464
0.155309
0.0752281
0.617023
0.0220344
0.410749
0.848598
0
0
0.976775
0.00704978
0.952483
0.664937
0.408429
0.454604
0.227729
0.448469
0.841151
0.972503
0.727958
0.28016
0.866512
0.782434
0.298349
0.593616
0.775933
0.733268
0.723045
0.544877
0.0764183
0.878689
0.616657
0.462203
0.766076
0.775811
0.154149
0.782342
0.150487
0.160466
0.669424
0.37904
0.481765
0.15598
0.654439
0.690909
0.200568
0.671102
0.1901
0.553789
0.0634785
0.143773
0.339946
0.144871
0.93585
0.286935
0.537858
0.944304
0.532243
0.992523
0.501297
0.120243
0.885403
0.0495621
0.701254
0.244819
0.824732
0.833674
0.919889
0.745445
0.245979
0.6227
0.927396
0.999451
0.453322
0.69628
0.809351
0.477126
0.354564
0.874325
0.975616
0.840175
0.791498
0.651509
0.382
0.401013
0.786065
0.583636
0.996521
0.850337
0.983795
0.0821558
0.0402539
0.657674
0.075869
0.273171
0.0358287
0.0528275
0.480972
0.0771813
0.192938
0.993164
0.0677511
0.165777
0.163427
0.0234382
0.200293
0.951353
0.696799
0.43495
0
0
0.886288
0.266579
0.227027
0.629109
0.310587
0.889492
0.922788
0.0927458
0.534562
0.570208
0.231208
0.891079
0.642476
0.71633
0.447615
0.0840785
0.116855
0.39256
0.34138
0.973418
0.72335
0.790887
0.370098
0.585253
0.686422
0.828089
0.512589
0.296091
0.437757
0.0259713
0.25251
0.00701926
0.717856
0.331614
0.743461
0.773431
0.312449
0.0327769
0.687063
0.295511
0.205023
0.425611
0.955138
0.177129
0.426527
0.390393
0.487228
0.357799
0.383587
0.531938
0.495041
0.624958
0.946623
0.0403455
0.504288
0.612842
0.0787072
0.929136
0.266091
0.193548
0.287027
0.806146
0.0685751
0.667257
0.677633
0.834284
0.480239
0.657125
0.894925
0.0376598
0.0559709
0.116001
0.727409
0.610065
0.0375683
0.350383
0.660421
0.380963
0.579333
0.468276
0.157567
0.0968658
0.53032
0.15714
0.951842
0.672567
0.304788
0.198218
0.12772
0.0697958
0.871456
0.623341
0.275735
0.959105
0.393262
0.920713
0.500229
0.820673
0.548906
0.195502
0
0
0.562181
0.641743
0.0668966
0.69216
0.937895
0.865017
0.504288
0.58388
0.0748619
0.745933
0.800287
0.436293
0.626545
0.774132
0.63686
0.250862
0.946257
0.315653
0.137028
0.494949
0.622761
0.132176
0.932463
0.0241401
0.337687
0.933287
0.131138
0.303781
0.826563
0.618244
0.217292
0.835109
0.224647
0.36372
0.413404
0.193152
0.578875
0.213141
0.537065
0.581988
0.806848
0.32432
0.882778
0.313822
0.884487
0.531693
0.160619
0.118259
0.543413
0.379101
0.0227668
0.687826
0.259377
0.279611
0.209052
0.365947
0.812983
0.958495
0.843013
0.384106
0.203681
0.835627
0.909513
0.553697
0.19892
0.503739
0.445387
0.819453
0.299081
0.958464
0.474075
0.580279
0.399548
0.736564
0.215705
0.184149
0.931669
0.618854
0.603839
0.502823
0.763054
0.0534989
0.640004
0.99295
0.639393
0.956633
0.617573
0.149968
0.447951
0.0456557
0.745842
0.760582
0.084994
0.362682
0.205786
0.860347
0.207953
0.14304
0.168889
0.802728
0
0
0.653432
0.686117
0.809717
0.345622
0.802454
0.384228
0.844264
0.161779
0.67452
0.566118
0.624897
0.679128
0.031251
0.310831
0.322886
0.657613
0.270852
0.889065
0.230445
0.408673
0.395184
0.98706
0.712973
0.0632649
0.830134
0.370586
0.84283
0.795282
0.380871
0.1442
0.246315
0.405896
0.103061
0.262581
0.194555
0.176122
0.371227
0.45024
0.469863
0.392438
0.925901
0.185247
0.0385144
0.453078
0.180242
0.904294
0.0619831
0.960387
0.568041
0.0839869
0.276528
0.705802
0.213507
0.356151
0.273934
0.953642
0.704947
0.311716
0.71334
0.930052
0.25309
0.151006
0.996277
0.923215
0.0154424
0.835627
0.435591
0.90112
0.867885
0.898648
0.450148
0.0531327
0.404675
0.569292
0.815729
0.16187
0.448592
0.368206
0.503983
0.211066
0.851558
0.829829
0.140751
0.136265
0.868038
0.507706
0.614521
0.12421
0.881558
0.919736
0.866451
0.367473
0.766259
0.588519
0.393536
0.680074
0.664296
0.834101
0.495865
0.881161
0
0
0.460616
0.474807
0.799066
0.352123
0.736198
0.0924711
0.0835902
0.67391
0.481033
0.0183111
0.951872
0.750755
0.348186
0.696036
0.364452
0.326365
0.730094
0.577685
0.5768
0.298959
0.438337
0.20951
0.507462
0.741539
0.268227
0.663015
0.0693075
0.0331431
0.229469
0.968291
0.494797
0.00814844
0.723899
0.705405
0.186743
0.528916
0.451888
0.410352
0.125614
0.388836
0.328593
0.951598
0.364849
0.95175
0.190954
0.533525
0.64507
0.433515
0.577258
0.483322
0.659017
0.232978
0.359874
0.477187
0.997986
0.217566
0.513199
0.362041
0.310892
0.370434
0.797204
0.22956
0.708029
0.705161
0.638417
0.898251
0.939665
0.854244
0.989532
0.45967
0.381542
0.237587
0.448592
0.0461135
0.358409
0.217597
0.419233
0.474319
0.83636
0.146458
0.593402
0.923154
0.015717
0.712638
0.537095
0.30015
0.85577
0.49208
0.66158
0.454421
0.0618915
0.111057
0.359905
0.890744
0.567431
0.926572
0.591174
0.142399
0.040376
0.630116
0
0
0.693106
0.45848
0.447279
0.682302
0.70452
0.961364
0.204321
0.983154
0.978576
0.931822
0.948393
0.685202
0.368542
0.376812
0.457747
0.555559
0.767113
0.537065
0.754967
0.79284
0.279977
0.490188
0.922208
0.705527
0.816279
0.505661
0.661153
0.157903
0.375317
0.308329
0.127934
0.189764
0.81286
0.906003
0.074984
0.716392
0.366131
0.137974
0.830531
0.714438
0.720695
0.600543
0.147343
0.800897
0.899136
0.10535
0.452101
0.610614
0.753258
0.32783
0.525834
0.878903
0.34135
0.800653
0.147862
0.635456
0.971221
0.909635
0.733543
0.416059
0.190405
0.0475784
0.497421
0.897763
0.505264
0.582781
0.173162
0.864498
0.10947
0.797937
0.821253
0.90878
0.403729
0.456313
0.755852
0.776055
0.587634
0.151006
0.122074
0.757958
0.105136
0.0935392
0.154973
0.0405286
0.224769
0.498367
0.651265
0.413831
0.535905
0.219031
0.685263
0.249123
0.642079
0.793054
0.100253
0.149785
0.833125
0.550554
0.806513
0.182531
0
0
0.0168462
0.944365
0.416974
0.0946989
0.691977
0.756279
0.252541
0.42436
0.242958
0.337291
0.2472
0.908933
0.338664
0.536668
0.785241
0.0992767
0.715751
0.477096
0.000976592
0.584857
0.127812
0.831629
0.573199
0.736442
0.742332
0.758782
0.544145
0.372875
0.765374
0.152379
0.195898
0.257698
0.576769
0.361675
0.51445
0.832148
0.15598
0.0386975
0.2725
0.0908231
0.0801721
0.268868
0.263283
0.00616474
0.875942
0.640797
0.715629
0.407941
0.00579852
0.411908
0.421918
0.72393
0.270638
0.426313
0.610492
0.488632
0.90936
0.940214
0.0929289
0.0252693
0.177252
0.0124821
0.71865
0.20835
0.684011
0.615589
0.666616
0.712058
0.272561
0.123203
0.606952
0.651662
0.720634
0.331797
0.262368
0.0235908
0.04532
0.670797
0.401532
0.85052
0.692953
0.759148
0.79516
0.437757
0.394238
0.963347
0.166478
0.647481
0.96765
0.113895
0.66689
0.596484
0.850337
0.0364391
0.908109
0.684164
0.639576
0.0529801
0.0827357
0.356761
0
0
0.424757
0.110599
0.203436
0.514328
0.1919
0.693258
0.992767
0.966308
0.0814844
0.172857
0.454482
0.842311
0.781274
0.75631
0.65804
0.364269
0.834864
0.684133
0.7669
0.886135
0.147862
0.837794
0.842341
0.607257
0.472274
0.410993
0.453993
0.866054
0.150731
0.802087
0.628285
0.419874
0.901914
0.382977
0.165685
0.617573
0.927854
0.301767
0.858943
0.870632
0.125217
0.974395
0.642323
0.329814
0.681173
0.422163
0.204169
0.172674
0.834895
0.111393
0.0935087
0.408918
0.0870083
0.45088
0.851985
0.609607
0.637104
0.604144
0.202277
0.46617
0.331034
0.772271
0.824976
0.5862
0.899503
0.603656
0.753746
0.431318
0.768517
0.887051
0.921781
0.804285
0.223701
0.183966
0.889126
0.790887
0.209296
0.556841
0.283395
0.563402
0.543016
0.0491043
0.984558
0.951476
0.828303
0.0735801
0.584735
0.186743
0.845088
0.365154
0.155156
0.727928
0.700278
0.654225
0.850795
0.571764
0.519395
0.717215
0.383831
0.956816
0
0
0.960265
0.960112
0.898251
0.866054
0.330271
0.191534
0.275155
0.234504
0.58861
0.7416
0.401837
0.268136
0.0141911
0.582476
0.434339
0.780572
0.821192
0.607532
0.585742
0.953215
0.50264
0.72457
0.471084
0.425977
0.184423
0.919889
0.539933
0.123905
0.769677
0.949492
0.628498
0.726524
0.155675
0.813166
0.161657
0.186132
0.304575
0.668233
0.03708
0.200964
0.448225
0.338969
0.721854
0.0498062
0.209601
0.0779138
0.593554
0.694327
0.921384
0.735588
0.0564592
0.554735
0.922636
0.99414
0.464705
0.866237
0.115818
0.822443
0.382946
0.0211798
0.564592
0.807581
0.216468
0.804193
0.413648
0.5197
0.7416
0.925901
0.912473
0.566424
0.567675
0.761803
0.823511
0.492752
0.0620136
0.702689
0.996704
0.183203
0.769036
0.0220954
0.39082
0.921812
0.854549
0.668355
0.323923
0.766869
0.607013
0.885861
0.232917
0.396252
0.526505
0.0734275
0.724723
0.0797449
0.0327464
0.784783
0.199164
0.934477
0.323801
0.277902
0
0
0.826044
0.119755
0.415998
0.519791
0.156133
0.128025
0.897244
0.0520646
0.149052
0.827235
0.423933
0.624531
0.897794
0.411573
0.493881
0.00225837
0.831874
0.917051
0.525193
0.853267
0.680563
0.457076
0.773614
0.121677
0.976867
0.835688
0.118625
0.794458
0.383648
0.693442
0.250313
0.466109
0.623676
0.843165
0.287393
0.608997
0.294015
0.951109
0.358531
0.954772
0.346721
0.220222
0.177679
0.893399
0.516678
0.231544
0.144658
0.29603
0.477889
0.600177
0.00268563
0.668081
0.0097354
0.601764
0.583483
0.0382702
0.9541
0.426099
0.671621
0.490768
0.244636
0.213843
0.519486
0.745628
0.790033
0.532731
0.0434278
0.694693
0.491317
0.449477
0.233345
0.298654
0.175848
0.853633
0.805841
0.751823
0.728233
0.18955
0.63332
0.320353
0.199744
0.253059
0.979247
0.761223
0.177709
0.208533
0.0715659
0.726768
0.195685
0.483169
0.0454421
0.0623798
0.465987
0.694205
0.785791
0.402783
0.715934
0.265908
0.701926
0.973388
0
0
0.408368
0.892026
0.965239
0.00292978
0.128819
0.500168
0.240333
0.654134
0.419416
0.874691
0.442457
0.877285
0.841487
0.593677
0.550707
0.094882
0.548051
0.436811
0.00967437
0.121982
0.147221
0.920164
0.750175
0.229316
0.137791
0.1142
0.360027
0.755272
0.698508
0.401288
0.436964
0.172826
0.111881
0.328684
0.654012
0.018067
0.604389
0.213752
0.569323
0.585955
0.88345
0.657338
0.711081
0.800043
0.153264
0.621296
0.969359
0.16242
0.8905
0.22721
0.825739
0.189947
0.160527
0.9317
0.451979
0.242744
0.756401
0.23487
0.209235
0.151891
0.94116
0.578814
0.578845
0.552141
0.0747703
0.590838
0.0558489
0.325755
0.907468
0.329661
0.0371105
0.0640889
0.819758
0.689108
0.23426
0.953124
0.79165
0.616474
0.643605
0.988586
0.381085
0.301737
0.603961
0.928037
0.493606
0.993591
0.973449
0.885159
0.224372
0.598468
0.956786
0.972869
0.553453
0.719565
0.614154
0.901578
0.176153
0.290994
0.583117
0.938902
0
0
0.249153
0.464309
0.0444044
0.136692
0.334086
0.90286
0.463485
0.232246
0.319346
0.140904
0.138157
0.129154
0.6021
0.163518
0.0848415
0.364757
0.310831
0.86288
0.293313
0.47029
0.850551
0.528398
0.882107
0.629475
0.551286
0.0259713
0.185705
0.542619
0.701437
0.823023
0.304331
0.901669
0.747002
0.515397
0.148076
0.383099
0.938383
0.0126652
0.506394
0.564531
0.205359
0.0376904
0.173986
0.671377
0.542039
0.0969878
0.665151
0.559954
0.682699
0.57796
0.546556
0.843074
0.350017
0.12946
0.921049
0.564409
0.856807
0.981689
0.0925626
0.328074
0.342235
0.361858
0.944426
0.289529
0.424604
0.661885
0.0612506
0.913877
0.55089
0.513932
0.126865
0.908109
0.824946
0.431074
0.628254
0.233619
0.595691
0.167821
0.397778
0.604694
0.586047
0.458388
0.0244758
0.379772
0.844172
0.287606
0.665639
0.251534
0.298318
0.351573
0.290109
0.642048
0.196509
0.863918
0.884457
0.209204
0.211951
0.363964
0.65334
0.37083
0
0
0.496017
0.683309
0.74514
0.252541
0.459578
0.726524
0.53444
0.965606
0.564104
0.222938
0.992065
0.621296
0.903928
0.104984
0.174596
0.987854
0.8605
0.670125
0.364177
0.195959
0.610492
0.181799
0.889859
0.399731
0.768395
0.0666219
0.161779
0.798608
0.945219
0.363109
0.949919
0.927183
0.504532
0.57857
0.437605
0.61858
0.297006
0.610859
0.0821863
0.548143
0.65453
0.89053
0.813379
0.763298
0.425642
0.399853
0.600635
0.10596
0.332896
0.725425
0.921232
0.93408
0.434187
0.799768
0.159612
0.0476699
0.968261
0.488907
0.470016
0.226905
0.366771
0.682028
0.132878
0.287149
0.71337
0.0388501
0.936918
0.0581683
0.431227
0.0520646
0.617512
0.193426
0.480514
0.579974
0.883511
0.215491
0.846736
0.506302
0.0625935
0.704184
0.601489
0.683309
0.897519
0.0335093
0.316507
0.814051
0.523515
0.563707
0.112735
0.430738
0.159032
0.694571
0.12534
0.624653
0.540422
0.686392
0.665731
0.684561
0.631977
0.654653
0
0
0.862484
0.299448
0.642567
0.644948
0.0618
0.481979
0.880428
0.194006
0.769066
0.868954
0.476791
0.28367
0.412519
0.554735
0.510147
0.093112
0.710837
0.114597
0.561815
0.456832
0.924833
0.973418
0.234901
0.433271
0.775903
0.776208
0.66689
0.891751
0.311106
0.917264
0.567949
0.522477
0.497269
0.883511
0.81579
0.177221
0.824458
0.568499
0.13831
0.946165
0.700613
0.213538
0.915708
0.876919
0.918668
0.131932
0.632374
0.743095
0.976775
0.872585
0.0111393
0.767327
0.533616
0.979522
0.359996
0.705985
0.779565
0.00311289
0.162908
0.20127
0.00518815
0.919858
0.446303
0.807398
0.14832
0.615986
0.951903
0.596301
0.600696
0.592639
0.647755
0.75045
0.0557268
0.547227
0.608051
0.0476089
0.678701
0.988403
0.793725
0.644734
0.3802
0.540361
0.764306
0.0666829
0.474471
0.0928068
0.852931
0.806848
0.503769
0.453169
0.835383
0.44438
0.509995
0.656392
0.624653
0.686392
0.534684
0.589923
0.0218513
0.239235
0
0
0.629109
0.0888699
0.0553606
0.916745
0.154973
0.15833
0.938932
0.890774
0.657765
0.478866
0.180029
0.490677
0.093234
0.851558
0.870357
0.457778
0.689108
0.738395
0.688498
0.0612812
0.222236
0.555223
0.64745
0.981658
0.993652
0.872311
0.116916
0.367779
0.281533
0.179571
0.152837
0.974487
0.55443
0.372845
0.664205
0.786096
0.225135
0.616413
0.449507
0.0325633
0.227149
0.739341
0.633351
0.00482192
0.194281
0.82107
0.534623
0.574602
0.525376
0.122501
0.497879
0.826075
0.114872
0.0195013
0.718467
0.704886
0.0306406
0.0941191
0.59331
0.0909757
0.920408
0.0404675
0.628285
0.201666
0.427686
0.54152
0.433454
0.730796
0.399304
0.772301
0.837367
0.630543
0.164464
0.687033
0.651906
0.942351
0.667898
0.745048
0.118686
0.582446
0.73748
0.232734
0.568377
0.48909
0.267861
0.83755
0.324076
0.0372021
0.601764
0.62981
0.3802
0.126835
0.889004
0.109409
0.887936
0.851772
0.706198
0.473006
0.978637
0.154393
0
0
0.716758
0.75811
0.956236
0.373333
0.653554
0.0204474
0.390271
0.0895108
0.404981
0.200873
0.140355
0.17777
0.485733
0.837886
0.843623
0.469527
0.673666
0.281961
0.896176
0.932981
0.0938444
0.568377
0.46025
0.777306
0.531358
0.604358
0.527696
0.386853
0.253426
0.826807
0.571398
0.491775
0.12302
0.987152
0.816126
0.480941
0.284494
0.219306
0.659261
0.264016
0.202673
0.0472427
0.273751
0.588488
0.336894
0.487991
0.92346
0.217841
0.230903
0.906735
0.0228889
0.877773
0.300211
0.780267
0.472427
0.375591
0.0976897
0.0245979
0.299753
0.800409
0.339183
0.0435194
0.139775
0.20896
0.469985
0.153935
0.58327
0.704611
0.053621
0.544603
0.925901
0.314768
0.764306
0.423994
0.349132
0.573534
0.263771
0.514328
0.0639668
0.215735
0.74456
0.547075
0.448622
0.888424
0.42027
0.917051
0.711844
0.286264
0.74453
0.150639
0.112583
0.617023
0.639485
0.345103
0.268014
0.803278
0.515641
0.234413
0.580218
0.326792
0
0
0.363567
0.0385449
0.313425
0.12183
0.699515
0.752312
0.353099
0.423231
0.645589
0.0294504
0.177526
0.976135
0.92581
0.319437
0.0740074
0.513047
0.0597552
0.411573
0.129917
0.905087
0.534593
0.0442824
0.0308847
0.892666
0.23661
0.734764
0.19657
0.803278
0.924314
0.485611
0.285714
0.161199
0.023072
0.524705
0.601489
0.596606
0.524186
0.734519
0.42848
0.959105
0.267678
0.927244
0.832789
0.0431532
0.392041
0.62154
0.955931
0.831019
0.230628
0.477981
0.33433
0.658986
0.436872
0.0484939
0.275582
0.214454
0.619129
0.996887
0.822199
0.768761
0.266518
0.445845
0.334788
0.552843
0.247322
0.607715
0.225776
0.681722
0.66039
0.35432
0.874325
0.533891
0.321726
0.882626
0.254494
0.99237
0.666982
0.132267
0.307443
0.452864
0.351085
0.111606
0.589038
0.00625629
0.326609
0.787622
0.223914
0.700827
0.681722
0.697134
0.697836
0.290811
0.0191351
0.934721
0.518693
0.377911
0.657643
0.673635
0.27839
0.351024
0
0
0.436537
0.876614
0.14597
0.0317087
0.405652
0.35197
0.323832
0.430372
0.180517
0.811945
0.498062
0.520493
0.245582
0.0890835
0.814142
0.436415
0.985351
0.167089
0.409284
0.00137333
0.725486
0.18244
0.0326853
0.99176
0.565203
0.0530106
0.784906
0.0438551
0.281533
0.889645
0.507614
0.609729
0.0872524
0.847468
0.855007
0.867824
0.523576
0.572802
0.578112
0.995148
0.268899
0.901944
0.0533158
0.706961
0.144871
0.968291
0.586108
0.470199
0.100742
0.373699
0.521409
0.297098
0.457656
0.581011
0.692312
0.525132
0.194006
0.182867
0.23722
0.489425
0.552934
0.20426
0.317942
0.494095
0.75338
0.0943327
0.769219
0.988708
0.0858791
0.563952
0.210974
0.355846
0.174505
0.925016
0.655202
0.21662
0.685903
0.0882595
0.137547
0.659597
0.266854
0.875515
0.406232
0.300119
0.991791
0.802271
0.19837
0.575793
0.101108
0.98761
0.135624
0.184576
0.311869
0.34724
0.770257
0.0718101
0.48204
0.725883
0.812708
0.872189
0
0
0.909299
0.125431
0.0722373
0.212928
0.0460524
0.685049
0.141728
0.785089
0.911893
0.569445
0.357402
0.587878
0.983917
0.421735
0.0659505
0.253822
0.847652
0.536821
0.728904
0.859767
0.388318
0.411756
0.89642
0.130558
0.804743
0.829524
0.5815
0.441786
0.2266
0.131932
0.0657369
0.527268
0.21659
0.838557
0.668081
0.298105
0.938475
0.267281
0.50737
0.679189
0.272225
0.313395
0.790887
0.869564
0.658406
0.042909
0.659047
0.93292
0.951262
0.25663
0.118076
0.124363
0.0636616
0.681204
0.0920438
0.859828
0.684072
0.943388
0.125004
0.734092
0.846736
0.983703
0.765007
0.494308
0.637074
0.0658589
0.160741
0.37431
0.812891
0.0381787
0.902707
0.697012
0.622761
0.00302133
0.639363
0.150334
0.603076
0.0508133
0.500137
0.643239
0.634907
0.214881
0.85641
0.148167
0.0415052
0.303018
0.451308
0.436079
0.00869778
0.762291
0.430342
0.110111
0.108188
0.233497
0.303201
0.844752
0.206
0.951201
0.368877
0.235694
0
0
0.53676
0.645497
0.634663
0.167943
0.225318
0.10239
0.760491
0.107273
0.0369274
0.0384533
0.060213
0.221992
0.637074
0.446028
0.0905789
0.74102
0.142369
0.0654927
0.859249
0.454299
0.243782
0.140965
0.183264
0.762535
0.683248
0.115024
0.229469
0.181402
0.365123
0.419538
0.767388
0.707724
0.883816
0.018067
0.166326
0.952544
0.748222
0.856929
0.668203
0.448592
0.0852077
0.880123
0.966521
0.0375988
0.102573
0.765679
0.623646
0.743919
0.0930509
0.0382397
0.357036
0.0407117
0.260598
0.715445
0.725822
0.915159
0.150121
0.143193
0.249123
0.638356
0.96231
0.177221
0.48732
0.647084
0.533921
0.366192
0.11713
0.44264
0.265847
0.29313
0.53267
0.913816
0.779412
0.731315
0.00241096
0.989715
0.582476
0.770806
0.914792
0.0292062
0.526658
0.572131
0.142247
0.852809
0.336741
0.902921
0.0562761
0.823115
0.993561
0.114078
0.223731
0.880856
0.251686
0.711814
0.316019
0.94174
0.0732749
0.18131
0.262703
0.561388
0
0
0.25895
0.21897
0.180303
0.273629
0.0572222
0.0287484
0.107669
0.509171
0.0339366
0.839534
0.0794702
0.500504
0.982452
0.299142
0.568651
0.0792566
0.156041
0.901883
0.829249
0.772851
0.604327
0.105106
0.171087
0.10535
0.893674
0.292062
0.697134
0.510819
0.994385
0.236091
0.534928
0.763085
0.61449
0.223487
0.0937529
0.330119
0.762749
0.490524
0.378185
0.558245
0.820612
0.131321
0.889462
0.0925321
0.905972
0.132694
0.146184
0.440107
0.808649
0.692068
0.355449
0.0818812
0.27958
0.474929
0.265328
0.0397656
0.954955
0.968078
0.730491
0.304819
0.695822
0.584552
0.0218818
0.0333262
0.62569
0.677114
0.411969
0.916501
0.646138
0.115879
0.0661641
0.630238
0.71218
0.586871
0.772698
0.771416
0.649068
0.267342
0.541215
0.186499
0.790826
0.0344859
0.601978
0.0992157
0.222724
0.86346
0.836726
0.943083
0.908353
0.571123
0.172155
0.305429
0.482559
0.561846
0.968078
0.889035
0.992035
0.731407
0.930143
0.897305
0
0
0.363903
0.185308
0.580096
0.749901
0.884732
0.928068
0.813471
0.534471
0.469771
0.178869
0.576159
0.100955
0.00515763
0.471358
0.192083
0.204871
0.543352
0.191748
0.371838
0.605548
0.633076
0.713736
0.434584
0.525559
0.565813
0.784448
0.77401
0.378185
0.819147
0.319224
0.0995514
0.168187
0.478835
0.260628
0.484634
0.473067
0.920499
0.658071
0.752159
0.410199
0.532395
0.624439
0.229804
0.497177
0.760582
0.326151
0.405316
0.810327
0.257302
0.662313
0.513535
0.348704
0.414502
0.789727
0.586291
0.00936918
0.0629292
0.149998
0.996643
0.0801721
0.619068
0.154698
0.028016
0.65627
0.459883
0.18479
0.500748
0.886929
0.808008
0.0612812
0.985595
0.45851
0.907529
0.642323
0.637196
0.22013
0.772088
0.703665
0.177465
0.358104
0.286752
0.758721
0.0608234
0.0253304
0.944304
0.974181
0.352153
0.832392
0.997742
0.837581
0.349071
0.105625
0.309976
0.733207
0.479415
0.319742
0.682302
0.0821253
0.5056
0.609882
0
0
0.942076
0.203467
0.566698
0.770409
0.571886
0.55211
0.0895413
0.646046
0.161016
0.489792
0.100589
0.322123
0.460036
0.245827
0.969146
0.0195318
0.320353
0.223304
0.113285
0.10123
0.299997
0.307291
0.700705
0.0963775
0.216376
0.331309
0.873867
0.148106
0.427595
0.358135
0.532701
0.79162
0.12363
0.931547
0.204688
0.468184
0.408643
0.95465
0.0343638
0.682394
0.455031
0.351848
0.422987
0.207526
0.511765
0.169866
0.349925
0.246529
0.0468154
0.274758
0.907071
0.953887
0.806024
0.300638
0.0771813
0.225501
0.0689413
0.00689718
0.28779
0.162145
0.883511
0.699576
0.771691
0.11298
0.560106
0.873592
0.265084
0.705466
0.207007
0.731986
0.0754723
0.767907
0.587909
0.738273
0.0491653
0.550707
0.0828272
0.858211
0.471084
0.152837
0.0340892
0.647298
0.427045
0.559496
0.258156
0.840327
0.66039
0.197363
0.00463881
0.599109
0.453902
0.413862
0.143986
0.0744041
0.568529
0.786187
0.864895
0.43907
0.769616
0.667043
0
0
0.662618
0.0474563
0.972839
0.872524
0.899747
0.878842
0.539933
0.919248
0.720328
0.919462
0.756676
0.7163
0.598865
0.640919
0.023072
0.118503
0.305155
0.230293
0.788446
0.247536
0.566698
0.728263
0.761101
0.98648
0.209326
0.732017
0.425428
0.554643
0.0578021
0.81869
0.396222
0.568957
0.377209
0.345683
0.642689
0.497452
0.136876
0.784509
0.112308
0.912046
0.877682
0.243507
0.786981
0.445875
0.463973
0.336985
0.701315
0.862667
0.501877
0.0557268
0.955748
0.142888
0.704581
0.795984
0.254524
0.994476
0.986053
0.202826
0.000793481
0.692953
0.564898
0.984344
0.479171
0.658528
0.858882
0.352489
0.157537
0.675253
0.451918
0.247505
0.639637
0.159185
0.914426
0.00152593
0.298624
0.381939
0.758599
0.598041
0.124058
0.0548418
0.309549
0.183111
0.812891
0.181524
0.77398
0.985168
0.635609
0.583636
0.286813
0.298654
0.109378
0.00708029
0.21839
0.68923
0.00888089
0.214362
0.521928
0.0748924
0.746239
0.969543
0
0
0.403668
0.841365
0.651418
0.322123
0.096469
0.645924
0.184393
0.0959197
0.0180975
0.0678426
0.609973
0.989288
0.0956145
0.760155
0.166814
0.192755
0.536851
0.259835
0.262032
0.930998
0.830714
0.112491
0.72216
0.834193
0.256874
0.467727
0.63216
0.54622
0.686911
0.801294
0.793695
0.475356
0.957274
0.920743
0.333445
0.0934477
0.595965
0.910306
0.493393
0.690695
0.18421
0.171484
0.133854
0.991363
0.133702
0.215796
0.980651
0.537187
0.161443
0.365459
0.147679
0.244728
0.242897
0.0186468
0.966247
0.0426038
0.325083
0.635578
0.651936
0.995239
0.580645
0.10123
0.841243
0.818903
0.483963
0.621693
0.527757
0.197028
0.491226
0.809564
0.430921
0.800256
0.604785
0.115238
0.326823
0.417829
0.603809
0.260231
0.37373
0.106693
0.222205
0.828578
0.962767
0.764428
0.0549028
0.672597
0.125065
0.032075
0.474044
0.289621
0.0274361
0.933653
0.336131
0.825556
0.586322
0.157598
0.761437
0.861476
0.732688
0.387982
0
0
0.76693
0.639851
0.358562
0.589892
0.0339671
0.886685
0.476241
0.656575
0.59209
0.884976
0.621754
0.32432
0.69985
0.957091
0.0336009
0.760765
0.704489
0.0110782
0.638447
0.733512
0.161046
0.308115
0.374187
0.765038
0.992767
0.106326
0.882717
0.180242
0.97351
0.338481
0.102695
0.452712
0.313883
0.978607
0.794122
0.756096
0.632191
0.254555
0.525712
0.126835
0.0909146
0.362621
0.15656
0.144475
0.981353
0.840052
0.342998
0.535783
0.53563
0.252174
0.102237
0.608997
0.249611
0.350414
0.963866
0.924253
0.496017
0.356883
0.740471
0.106784
0.710227
0.532517
0.448653
0.208838
0.929289
0.684378
0.411695
0.526719
0.966063
0.768975
0.0750755
0.279
0.999084
0.24723
0.566332
0.0526749
0.85989
0.34788
0.529771
0.422742
0.798578
0.895169
0.268654
0.651997
0.00949126
0.857265
0.724479
0.877346
0.697775
0.271828
0.325816
0.688437
0.967956
0.70455
0.237526
0.505234
0.316385
0.897153
0.0415662
0.660756
0
0
0.00845363
0.761193
0.380474
0.594836
0.121433
0.373974
0.595386
0.0658589
0.534928
0.132176
0.889126
0.786126
0.6498
0.720481
0.046144
0.387127
0.116764
0.0505081
0.240211
0.121586
0.356029
0.826991
0.961272
0.207648
0.149236
0.896817
0.5927
0.222022
0.0849025
0.037965
0.67037
0.4485
0.138615
0.343791
0.354228
0.587207
0.169164
0.85931
0.144383
0.732078
0.612232
0.625813
0.372448
0.0216681
0.152074
0.789972
0.499435
0.870357
0.653676
0.933409
0.75161
0.185614
0.135105
0.279397
0.125553
0.478164
0.0629902
0.932829
0.293619
0.270608
0.750725
0.809351
0.44087
0.711478
0.141881
0.410535
0.564928
0.800317
0.759758
0.100864
0.270241
0.130619
0.103671
0.042848
0.587451
0.556413
0.274392
0.446577
0.849422
0.688772
0.108707
0.290292
0.155309
0.6292
0.605609
0.167425
0.453749
0.844966
0.924284
0.417249
0.776177
0.593585
0.735862
0.1948
0.65215
0.802454
0.209906
0.636525
0.237434
0.809626
0
0
0.416822
0.777734
0.186071
0.872189
0.427595
0.378704
0.798029
0.848567
0.891995
0.314646
0.473342
0.960845
0.37669
0.686911
0.00439467
0.0433973
0.24427
0.310648
0.737053
0.18421
0.354381
0.736167
0.132298
0.1648
0.368755
0.459334
0.759575
0.605518
0.940642
0.477981
0.252876
0.221809
0.57036
0.850032
0.261238
0.0985443
0.408338
0.409955
0.924314
0.387677
0.78637
0.299661
0.90463
0.336192
0.75866
0.470138
0.508042
0.0505692
0.434187
0.8099
0.923032
0.90347
0.380963
0.0567034
0.110324
0.989471
0.88403
0.149022
0.374645
0.535905
0.338145
0.172521
0.148595
0.674825
0.556505
0.559221
0.021424
0.482833
0.276681
0.694479
0.542741
0.694479
0.645253
0.588397
0.832972
0.995758
0.961852
0.768181
0.531724
0.304239
0.464644
0.0472121
0.11536
0.941374
0.437819
0.327464
0.114841
0.103885
0.422529
0.0912809
0.265236
0.540147
0.812891
0.738914
0.118168
0.837855
0.617695
0.428022
0.148473
0.229377
0
0
0.669576
0.571368
0.886013
0.320933
0.062624
0.648854
0.104312
0.651662
0.0997955
0.490432
0.597186
0.489212
0.531236
0.685995
0.574145
0.767968
0.365032
0.278115
0.20658
0.575732
0.031373
0.394726
0.355419
0.0960417
0.181494
0.977233
0.0115055
0.411298
0.902615
0.260414
0.480544
0.0737938
0.630207
0.160985
0.843013
0.850368
0.538774
0.230262
0.720908
0.547319
0.692282
0.327586
0.882412
0.321574
0.73574
0.670766
0.715598
0.384381
0.408979
0.41963
0.102634
0.503861
0.663961
0.449293
0.725486
0.212622
0.66689
0.468734
0.334666
0.126896
0.466201
0.141545
0.0119938
0.282876
0.608081
0.364971
0.958922
0.897244
0.480178
0.363231
0.841151
0.457411
0.665334
0.75161
0.221595
0.548662
0.0862148
0.227363
0.112217
0.32316
0.222205
0.0442824
0.176244
0.0183721
0.179876
0.926115
0.612049
0.430219
0.89819
0.576006
0.250008
0.747612
0.269631
0.43791
0.893521
0.654805
0.458876
0.866207
0.435102
0.107273
0
0
0.199561
0.359478
0.779717
0.687826
0.351238
0.0155644
0.105228
0.949004
0.496963
0.862911
0.492813
0.64803
0.863582
0.225562
0.456984
0.280709
0.344981
0.777581
0.40788
0.820276
0.910794
0.442824
0.576159
0.0675375
0.180334
0.797204
0.431898
0.518845
0.444594
0.128697
0.129307
0.157506
0.915983
0.812067
0.00756859
0.0757164
0.488479
0.153966
0.680074
0.332408
0.788568
0.365703
0.742332
0.953917
0.798151
0.818201
0.630604
0.483474
0.831446
0.237281
0.662099
0.985626
0.146367
0.994263
0.787927
0.912229
0.972045
0.148381
0.0903348
0.735649
0.233375
0.397931
0.555406
0.756249
0.754601
0.595172
0.151952
0.989563
0.22187
0.982513
0.749077
0.539964
0.687826
0.805322
0.902066
0.367046
0.897305
0.458144
0.0391858
0.85052
0.217597
0.820185
0.079989
0.0602741
0.452834
0.936583
0.0164495
0.138249
0.324595
0.701651
0.488266
0.697012
0.899777
0.70043
0.883572
0.642872
0.74694
0.864376
0.996307
0.328898
0
0
0.102451
0.0979949
0.771477
0.443983
0.827754
0.532609
0.1695
0.544939
0.438581
0.56267
0.681021
0.636952
0.988098
0.322367
0.523179
0.709586
0.0843226
0.757347
0.0490738
0.633625
0.824244
0.948485
0.401227
0.32606
0.924436
0.844111
0.940184
0.588244
0.830744
0.0563982
0.48027
0.524705
0.0874355
0.87875
0.862758
0.948057
0.747703
0.179601
0.898465
0.67626
0.105869
0.330241
0.210608
0.129185
0.533738
0.821284
0.0093997
0.129948
0.701254
0.725364
0.329417
0.317545
0.963408
0.661519
0.761132
0.0771203
0.194342
0.418012
0.207953
0.394299
0.850032
0.88937
0.69982
0.539171
0.540422
0.484085
0.79461
0.986938
0.893246
0.659719
0.598895
0.480972
0.989257
0.740623
0.93881
0.644887
0.151677
0.675558
0.712851
0.0492874
0.37022
0.890683
0.957335
0.140416
0.140721
0.894803
0.656148
0.93585
0.00271615
0.792596
0.8258
0.894314
0.55501
0.362407
0.907163
0.865627
0.231147
0.854701
0.995086
0.526719
0
0
0.616108
0.167455
0.937071
0.210364
0.585009
0.554796
0.832606
0.532853
0.04532
0.52504
0.963744
0.726585
0.564165
0.0845668
0.688894
0.0839259
0.661184
0.98349
0.330607
0.418989
0.0490127
0.119388
0.588855
0.952788
0.602191
0.756127
0.510727
0.528794
0.335612
0.712546
0.548326
0.564714
0.174413
0.178655
0.735527
0.64684
0.79577
0.314951
0.515275
0.173254
0.324259
0.290933
0.248665
0.952116
0.162236
0.919675
0.93646
0.161046
0.735954
0.543992
0.185186
0.574725
0.438978
0.331309
0.948576
0.465468
0.554338
0.632282
0.0752281
0.0845363
0.43614
0.560778
0.194861
0.12949
0.732475
0.450453
0.972991
0.10416
0.930387
0.344615
0.266427
0.977477
0.00433363
0.175573
0.210486
0.0473647
0.449843
0.789666
0.76867
0.415937
0.482437
0.474105
0.776788
0.982391
0.68453
0.14243
0.0125736
0.359355
0.880428
0.833888
0.321635
0.620045
0.521226
0.683828
0.3314
0.280862
0.36082
0.0211188
0.784448
0.427259
0
0
0.703909
0.748558
0.0217902
0.388104
0.00772118
0.662679
0.648244
0.8652
0.118595
0.869655
0.910337
0.9241
0.924345
0.952757
0.818506
0.752525
0.703879
0.0481277
0.544847
0.59273
0.955687
0.485153
0.127079
0.753716
0.985687
0.147343
0.0109561
0.109897
0.036256
0.210273
0.461226
0.992431
0.237678
0.412671
0.373455
0.879086
0.162755
0.517075
0.517289
0.789636
0.266457
0.11594
0.742576
0.792108
0.991607
0.440107
0.179724
0.526994
0.821497
0.325022
0.965484
0.155034
0.0616169
0.991699
0.525101
0.635212
0.630482
0.798303
0.942747
0.738914
0.641865
0.618732
0.450819
0.707053
0.059328
0.00427259
0.569689
0.955473
0.204047
0.784906
0.929167
0.735923
0.397534
0.266091
0.302713
0.157964
0.520341
0.677664
0.886105
0.478957
0.76812
0.0309458
0.350902
0.0670797
0.385968
0.0401929
0.705313
0.945433
0.662923
0.264809
0.492233
0.321451
0.966918
0.128544
0.356945
0.00985748
0.102664
0.971831
0.515
0.153661
0
0
0.772485
0.793603
0.151677
0.150578
0.422224
0.838862
0.284433
0.190893
0.253059
0.688101
0.11948
0.312662
0.680685
0.00503555
0.433821
0.38084
0.0227668
0.598743
0.0136723
0.896512
0.696524
0.956359
0.681143
0.0423597
0.706992
0.903104
0.939665
0.870907
0.707785
0.545061
0.770257
0.0412915
0.415174
0.151769
0.608966
0.0114444
0.657216
0.134312
0.0375072
0.0913114
0.838466
0.775384
0.218055
0.263802
0.10242
0.867672
0.603137
0.179571
0.972228
0.916562
0.952452
0.23191
0.751091
0.0635701
0.187414
0.117679
0.463881
0.386914
0.115177
0.791345
0.621021
0.734977
0.552416
0.217261
0.585498
0.749352
0.881283
0.82754
0.825373
0.233772
0.568133
0.0908841
0.831416
0.524735
0.676199
0.0991546
0.982788
0.0203864
0.904019
0.577807
0.140812
0.524155
0.179968
0.226234
0.252602
0.558397
0.345378
0.794763
0.745689
0.305887
0.956084
0.803644
0.994934
0.333781
0.734825
0.311655
0.643086
0.757439
0.705252
0.639149
0
0
0.0558184
0.999756
0.53856
0.452559
0.693106
0.802576
0.144505
0.116825
0.67748
0.646168
0.0378124
0.721244
0.341319
0.233314
0.511032
0.685476
0.0333567
0.193976
0.145421
0.352092
0.966674
0.667043
0.691031
0.471541
0.388409
0.915006
0.847011
0.9859
0.853786
0.628437
0.973663
0.0177313
0.88403
0.0760521
0.267403
0.470534
0.790979
0.756615
0.429884
0.146184
0.948515
0.709006
0.362285
0.78692
0.292734
0.137059
0.916593
0.946715
0.331919
0.504807
0.234352
0.0995514
0.447371
0.758721
0.70513
0.890011
0.766503
0.833338
0.0747398
0.932554
0.389691
0.0959807
0.735588
0.0661641
0.251595
0.887783
0.729606
0.47026
0.398724
0.815851
0.495499
0.547838
0.964049
0.954344
0.891354
0.983062
0.620258
0.609668
0.523759
0.878353
0.793023
0.806482
0.915098
0.378185
0.414624
0.150517
0.539567
0.685263
0.500565
0.224769
0.260079
0.875546
0.329203
0.175024
0.196356
0.41847
0.506455
0.641163
0.556169
0.808405
0
0
0.69628
0.69042
0.460677
0.213569
0.298532
0.908719
0.295053
0.549181
0.855464
0.306619
0.616016
0.880093
0.467666
0.195959
0.146825
0.56032
0.00149541
0.693258
0.891903
0.014771
0.368175
0.00656148
0.901334
0.569994
0.656972
0.161626
0.717582
0.239875
0.402753
0.323771
0.0345164
0.872921
0.769799
0.371838
0.601093
0.566546
0.932737
0.880062
0.89996
0.756035
0.435987
0.164708
0.633106
0.882839
0.813196
0.551408
0.545152
0.0494705
0.247291
0.519028
0.615864
0.567278
0.553209
0.877224
0.15302
0.802271
0.263802
0.633229
0.817011
0.226966
0.100864
0.704459
0.108219
0.0829493
0.611744
0.132756
0.348613
0.561052
0.253548
0.957427
0.68865
0.905637
0.705924
0.40199
0.170934
0.348704
0.693075
0.532273
0.381726
0.280557
0.0975372
0.0411084
0.721488
0.5627
0.64568
0.316416
0.825953
0.389996
0.946898
0.448439
0.168767
0.607532
0.167455
0.333171
0.377148
0.889035
0.120762
0.527207
0.29136
0.68273
0
0
0.0542619
0.0112003
0.300027
0.331217
0.915464
0.517655
0.981719
0.271157
0.377087
0.579211
0.584521
0.719535
0.404065
0.954192
0.374981
0.752312
0.641987
0.585192
0.387097
0.182043
0.409497
0.747215
0.603168
0.140538
0.575427
0.541276
0.097354
0.772759
0.10181
0.390332
0.173742
0.948393
0.534349
0.693045
0.0292978
0.39729
0.221076
0.292276
0.973876
0.17481
0.541307
0.914151
0.737785
0.863765
0.924955
0.233985
0.898923
0.418561
0.944731
0.725761
0.959868
0.058565
0.26133
0.950621
0.106754
0.116306
0.70394
0.441298
0.18128
0.247108
0.266091
0.838588
0.896451
0.906156
0.299417
0.435743
0.827906
0.499588
0.685598
0.787591
0.212104
0.115604
0.267953
0.540208
0.0819727
0.241798
0.324473
0.137638
0.772027
0.375164
0.362682
0.561632
0.323679
0.930937
0.0182501
0.761101
0.822413
0.356426
0.338359
0.927091
0.197455
0.856319
0.230964
0.269692
0.516251
0.635365
0.361522
0.453444
0.303446
0.0651265
0
0
0.277932
0.346629
0.917386
0.680685
0.0455641
0.24189
0.513871
0.413465
0.173162
0.203436
0.629322
0.967132
0.110965
0.697501
0.914426
0.741752
0.102329
0.162267
0.0491043
0.213569
0.67037
0.673605
0.370769
0.175726
0.520218
0.362621
0.246315
0.746605
0.138829
0.741508
0.719901
0.552202
0.873379
0.593646
0.466903
0.988464
0.768944
0.584857
0.586383
0.969848
0.947905
0.251015
0.262062
0.0705893
0.810938
0.519395
0.824091
0.464919
0.842006
0.419019
0.242286
0.571886
0.297861
0.137211
0.582324
0.812098
0.563677
0.0775475
0.456099
0.381726
0.455855
0.0765099
0.997375
0.45024
0.253395
0.434187
0.394086
0.688589
0.739097
0.916013
0.508805
0.533219
0.0316477
0.381176
0.617756
0.093112
0.490158
0.194494
0.800989
0.105533
0.471816
0.077517
0.0134281
0.846553
0.224982
0.555437
0.369457
0.403363
0.697592
0.655965
0.671163
0.213813
0.543229
0.0163579
0.712302
0.280038
0.105716
0.0549944
0.388653
0.961974
0
0
0.663289
0.363506
0.14655
0.757164
0.713828
0.976012
0.800195
0.973418
0.582446
0.671377
0.249641
0.700034
0.132694
0.965178
0.130406
0.984191
0.862148
0.947111
0.92581
0.618671
0.164342
0.620533
0.573443
0.447249
0.0379955
0.900174
0.097354
0.593616
0.0244148
0.924131
0.296548
0.520768
0.65508
0.836848
0.0213935
0.326456
0.189856
0.698843
0.0693075
0.181371
0.927976
0.679708
0.230842
0.315958
0.871761
0.190558
0.517289
0.462508
0.0259713
0.112217
0.101138
0.158513
0.112674
0.775231
0.00100711
0.817591
0.983337
0.848262
0.0414747
0.974181
0.509659
0.790796
0.119968
0.608386
0.234169
0.0265816
0.311289
0.957244
0.561693
0.494217
0.841456
0.718314
0.772973
0.730461
0.461654
0.0522477
0.642323
0.14362
0.254341
0.290567
0.939421
0.632099
0.401654
0.75457
0.597461
0.205267
0.948332
0.591693
0.8287
0.762261
0.089816
0.036195
0.967986
0.685537
0.017365
0.999512
0.326701
0.404736
0.85052
0.396771
0
0
0.837275
0.588
0.689077
0.116611
0.770104
0.115909
0.315378
0.0390027
0.304025
0.495499
0.578234
0.00866726
0.231544
0.86932
0.989685
0.169713
0.579913
0.277078
0.565935
0.567644
0.429792
0.325053
0.44377
0.42552
0.712088
0.920133
0.303415
1
0.26484
0.224464
0.12946
0.423627
0.930967
0.487259
0.340922
0.440077
0.978179
0.909574
0.821497
0.437635
0.622791
0.198553
0.88171
0.688375
0.937834
0.96765
0.683798
0.198218
0.927488
0.638386
0.160802
0.0748009
0.0485855
0.000701926
0.961028
0.819117
0.961028
0.0875576
0.44908
0.447035
0.787194
0.520157
0.294961
0.847652
0.663289
0.980377
0.682089
0.283608
0.8623
0.966124
0.665853
0.440718
0.270669
0.486465
0.713858
0.932401
0.499893
0.852138
0.958892
0.665517
0.4138
0.218146
0.19602
0.973815
0.353343
0.0346385
0.155461
0.925199
0.839961
0.0621357
0.0815455
0.709067
0.0384533
0.107486
0.149907
0.509873
0.761071
0.136814
0.753746
0.773492
0
0
0.293771
0.921567
0.190466
0.272164
0.826106
0.874111
0.780023
0.874813
0.765648
0.229072
0.946013
0.428236
0.718833
0.226539
0.290994
0.656423
0.41847
0.453413
0.197302
0.483291
0.380474
0.99939
0.984313
0.68569
0.56972
0.583453
0.153569
0.282601
0.857387
0.307535
0.753441
0.567125
0.550218
0.193121
0.393628
0.187109
0.773644
0.157598
0.941771
0.180853
0.989257
0.586047
0.432539
0.374371
0.428724
0.155065
0.221351
0.0457778
0.724693
0.0649129
0.912961
0.264138
0.520249
0.336039
0.0969878
0.807825
0.338237
0.326151
0.4214
0.0693991
0.491501
0.124516
0.0349132
0.853298
0.315439
0.979339
0.929899
0.471908
0.504166
0.414411
0.216865
0.0471206
0.83108
0.191809
0.862117
0.423078
0.0359508
0.776391
0.919004
0.59624
0.158971
0.458235
0.785058
0.0697653
0.103305
0.790124
0.51558
0.0376598
0.707541
0.49501
0.725181
0.805139
0.108982
0.501175
0.108188
0.351939
0.679586
0.259865
0.110019
0.444197
0
0
0.314798
0.00308237
0.779504
0.201392
0.357768
0.096469
0.334544
0.524827
0.939177
0.144475
0.471999
0.293374
0.0145268
0.00375378
0.952513
0.733451
0.87991
0.360881
0.492264
0.868587
0.447371
0.0307321
0.492813
0.455824
0.0616779
0.632008
0.639576
0.31428
0.13892
0.795801
0.90112
0.452834
0.408948
0.563616
0.959899
0.902676
0.0422376
0.13126
0.605976
0.661275
0.443342
0.594562
0.124821
0.654073
0.990844
0.853114
0.210486
0.119602
0.506485
0.328898
0.435499
0.325266
0.733787
0.655263
0.808588
0.0187689
0.607624
0.99292
0.451491
0.522813
0.596118
0.129246
0.926389
0.877987
0.896207
0.0170293
0.244636
0.941221
0.763695
0.90878
0.0886868
0.845393
0.759606
0.743034
0.278054
0.726371
0.193548
0.939116
0.0104373
0.124058
0.545854
0.255867
0.910001
0.963591
0.149052
0.871731
0.412946
0.522599
0.9111
0.340922
0.522752
0.291208
0.359905
0.583789
0.465438
0.130955
0.792413
0.565844
0.276589
0.63863
0
0
0.807459
0.82281
0.851405
0.121342
0.00540178
0.487655
0.488601
0.0896023
0.134709
0.97589
0.460036
0.673788
0.466964
0.984893
0.636677
0.870754
0.681722
0.964568
0.702658
0.0270394
0.0426344
0.714408
0.988372
0.464492
0.145451
0.264138
0.454024
0.654469
0.019715
0.693594
0.854793
0.847621
0.8652
0.0483413
0.618854
0.564592
0.204443
0.00735496
0.469588
0.854457
0.732536
0.458785
0.32313
0.727012
0.64507
0.640156
0.492721
0.66512
0.726554
0.999451
0.730644
0.623249
0.979156
0.432905
0.139561
0.418836
0.0740989
0.0562456
0.484207
0.922361
0.406507
0.165227
0.934599
0.9523
0.0348216
0.541795
0.77221
0.281777
0.28666
0.762383
0.0903653
0.662709
0.31138
0.664449
0.0199591
0.273293
0.361644
0.627186
0.511643
0.496353
0.0845363
0.823298
0.206183
0.433454
0.603595
0.0972625
0.423872
0.0617389
0.673391
0.62743
0.804285
0.439711
0.687368
0.0268868
0.627522
0.867855
0.820521
0.0405896
0.348796
0.410932
0
0
0.0881985
0.494125
0.376659
0.68746
0.602069
0.650716
0.626911
0.333354
0.804498
0.632801
0.883084
0.0454115
0.963012
0.064272
0.494736
0.611286
0.705344
0.589587
0.445082
0.831965
0.877194
0.426099
0.318735
0.742943
0.503159
0.605976
0.201422
0.0408948
0.132603
0.0636311
0.0422071
0.121128
0.351512
0.225318
0.510269
0.633076
0.741508
0.256691
0.876644
0.959197
0.067568
0.624989
0.953001
0.5244
0.975433
0.13184
0.61803
0.341533
0.979919
0.0731529
0.963164
0.699393
0.0255745
0.681997
0.588458
0.399701
0.401044
0.511063
0.0803858
0.449202
0.28782
0.910916
0.202368
0.612934
0.725272
0.259926
0.829371
0.73513
0.272896
0.102756
0.158055
0.234046
0.151097
0.853023
0.223579
0.676778
0.141606
0.216651
0.254036
0.840266
0.0290841
0.992615
0.894375
0.165258
0.864895
0.40614
0.830409
0.00878933
0.834376
0.63213
0.844722
0.601764
0.00900296
0.663747
0.835322
0.117924
0.764428
0.183142
0.828333
0.760491
0
0
0.145756
0.590564
0.516373
0.272469
0.961638
0.847407
0.353282
0.777123
0.8876
0.290628
0.736991
0.354778
0.360973
0.0737022
0.311197
0.262123
0.547716
0.390759
0.917905
0.200446
0.162755
0.140263
0.230995
0.538896
0.425336
0.184667
0.603412
0.899106
0.930143
0.861476
0.15775
0.00723289
0.715781
0.90289
0.652943
0.220161
0.311838
0.419904
0.156835
0.631428
0.0456252
0.106967
0.0573748
0.16364
0.389874
0.323618
0.442488
0.553606
0.632893
0.209326
0.380474
0.635975
0.652089
0.487899
0.132023
0.832148
0.0722068
0.117496
0.825282
0.250618
0.589862
0.442518
0.624622
0.304727
0.744896
0.00384533
0.925474
0.254128
0.920804
0.663564
0.605152
0.5768
0.854244
0.200049
0.861934
0.576708
0.436323
0.0305795
0.673177
0.134739
0.0855129
0.21659
0.403912
0.00796533
0.474441
0.408673
0.596912
0.584246
0.891263
0.887295
0.475723
0.497971
0.0172124
0.355296
0.191961
0.0135197
0.401349
0.638905
0.34785
0.58269
0
0
0.413648
0.952635
0.825434
0.481643
0.95822
0.885617
0.453597
0.934996
0.727134
0.764244
0.544572
0.631733
0.276925
0.54854
0.830317
0.040376
0.708213
0.917447
0.830958
0.429273
0.230415
0.700308
0.185919
0.997803
0.392224
0.310038
0.979247
0.0255135
0.25959
0.334544
0.590289
0.445235
0.32197
0.942625
0.101108
0.745659
0.408582
0.260475
0.79165
0.610828
0.395367
0.375408
0.754143
0.202002
0.98471
0.122379
0.157872
0.488327
0.338023
0.310343
0.195715
0.532487
0.843806
0.544115
0.243171
0.138035
0.80105
0.298135
0.262032
0.763817
0.300333
0.398724
0.979186
0.112613
0.0834986
0.57033
0.871914
0.299722
0.662587
0.202918
0.491501
0.00778222
0.480331
0.996185
0.155614
0.534349
0.392651
0.636647
0.541215
0.138127
0.254738
0.1648
0.209021
0.590442
0.891842
0.187506
0.591113
0.337901
0.23603
0.592364
0.472274
0.182684
0.910581
0.92053
0.497147
0.886807
0.0422071
0.0537126
0.733787
0.606006
0
0
0.583789
0.372326
0.824976
0.560686
0.92758
0.0397961
0.759117
0.84872
0.0909146
0.571032
0.791101
0.807489
0.25547
0.339488
0.545
0.830927
0.94116
0.180548
0.829585
0.0478225
0.595965
0.746635
0.198065
0.767815
0.88348
0.770257
0.783197
0.100986
0.448347
0.892148
0.438887
0.657918
0.441939
0.209326
0.719962
0.735557
0.588916
0.200964
0.730827
0.896298
0.075808
0.186529
0.374554
0.345195
0.0436109
0.974242
0.0338755
0.0129093
0.96466
0.854579
0.214667
0.749504
0.68572
0.596118
0.183782
0.535997
0.4185
0.599597
0.132389
0.119755
0.458388
0.866024
0.895718
0.980102
0.913114
0.935942
0.760735
0.0297555
0.222388
0.455458
0.393231
0.959563
0.749931
0.525437
0.414899
0.631458
0.228767
0.490219
0.662313
0.42674
0.341502
0.322031
0.658742
0.95587
0.216498
0.257332
0.330088
0.0353099
0.121403
0.841395
0.496231
0.338847
0.135105
0.0371715
0.16892
0.628468
0.0795007
0.555254
0.18775
0.971831
0
0
0.492325
0.0603046
0.225135
0.85229
0.922117
0.411145
0.691641
0.577593
0.326792
0.589801
0.573077
0.893979
0.857112
0.476791
0.730399
0.211097
0.80575
0.127964
0.693869
0.345134
0.00412
0.709738
0.482345
0.185217
0.447493
0.748619
0.479476
0.190161
0.429701
0.851741
0.897794
0.121586
0.969298
0.553941
0.861568
0.919401
0.807428
0.448439
0.640584
0.126255
0.75985
0.256661
0.0652181
0.767296
0.703085
0.993927
0.65453
0.09064
0.977111
0.88699
0.488235
0.0760521
0.484878
0.199988
0.354625
0.117161
0.27076
0.624622
0.204596
0.783654
0.858455
0.391034
0.443739
0.070101
0.130009
0.755882
0.0936918
0.03708
0.0272225
0.0233161
0.353771
0.25135
0.856258
0.755699
0.594165
0.930845
0.477371
0.32963
0.312143
0.201209
0.160527
0.494552
0.0825831
0.369945
0.388104
0.0887783
0.0332957
0.624165
0.386425
0.570696
0.877712
0.0585345
0.666799
0.520096
0.0349132
0.43968
0.357677
0.766961
0.869167
0.612903
0
0
0.609088
0.302988
0.579516
0.957976
0.850642
0.632984
0.771386
0.799799
0.184088
0.72158
0.240699
0.1807
0.69219
0.192145
0.00253304
0.899869
0.944578
0.933988
0.0947295
0.226966
0.482253
0.773583
0.188482
0.195746
0.561998
0.367077
0.53676
0.883908
0.941496
0.969268
0.291604
0.585498
0.986877
0.235969
0.722343
0.282449
0.883908
0.715995
0.364727
0.32078
0.23365
0.188482
0.633778
0.698355
0.81457
0.502487
0.930021
0.870174
0.791192
0.0746483
0.77163
0.477584
0.152226
0.701346
0.98294
0.907468
0.657613
0.841426
0.470992
0.0875576
0.0770287
0.0260933
0.621113
0.424879
0.00061037
0.551988
0.843013
0.292489
0.00311289
0.113315
0.298288
0.971557
0.442732
0.530412
0.341166
0.454543
0.67626
0.229499
0.703116
0.016419
0.971221
0.631214
0.952879
0.959288
0.896573
0.103214
0.263192
0.437025
0.473373
0.633778
0.015595
0.766747
0.866146
0.882138
0.273904
0.132267
0.896756
0.762017
0.658589
0.0869472
0
0
0.161687
0.214881
0.652364
0.761101
0.0341807
0.328684
0.869045
0.181005
0.332255
0.458419
0.316233
0.605548
0.934049
0.505264
0.183599
0.286538
0.121769
0.0097354
0.18775
0.55916
0.935331
0.216102
0.00479141
0.668722
0.316813
0.763085
0.822535
0.24012
0.327769
0.158238
0.542375
0.795984
0.219214
0.691824
0.663564
0.229743
0.637196
0.94586
0.379711
0.640675
0.743736
0.555712
0.920042
0.435591
0.535447
0.37962
0.665334
0.105106
0.140599
0.732688
0.0712607
0.57973
0.375713
0.841548
0.929136
0.572131
0.343425
0.176061
0.995727
0.812189
0.35255
0.814264
0.523911
0.580859
0.941618
0.496506
0.724662
0.449049
0.287149
0.525681
0.691824
0.627735
0.7781
0.169012
0.821345
0.835902
0.0373852
0.718436
0.255623
0.0920133
0.172063
0.865047
0.384716
0.335917
0.533128
0.544542
0.93524
0.286691
0.766503
0.909452
0.678457
0.443373
0.436201
0.584735
0.28898
0.634327
0.000915555
0.862606
0.384747
0.0217292
0
0
0.425672
0.993255
0.28019
0.96765
0.209052
0.227332
0.483352
0.667074
0.108036
0.767083
0.468459
0.955504
0.34135
0.281075
0.755303
0.196142
0.552293
0.140721
0.826136
0.653584
0.312845
0.0327769
0.912046
0.259957
0.449995
0.105655
0.179601
0.180181
0.975616
0.304971
0.349162
0.0818812
0.900754
0.0548112
0.275918
0.517045
0.716544
0.940916
0.525407
0.320933
0.821925
0.55211
0.473983
0.435041
0.680013
0.136357
0.96646
0.0600299
0.984252
0.227088
0.061037
0.54503
0.615497
0.896908
0.893979
0.919431
0.671621
0.794305
0.194128
0.473617
0.350169
0.619831
0.479476
0.294748
0.96643
0.197974
0.466414
0.163915
0.886715
0.801111
0.723167
0.720603
0.659719
0.881466
0.0986053
0.301401
0.125767
0.867611
0.957884
0.358501
0.786279
0.181738
0.755486
0.86462
0.213782
0.133885
0.978027
0.610431
0.784814
0.849117
0.98706
0.800958
0.51558
0.884487
0.793481
0.856899
0.283151
0.691519
0.295206
0.827448
0
0
0.212012
0.580706
0.00845363
0.320444
0.508347
0.344188
0.825007
0.356609
0.522629
0.192816
0.825495
0.0537126
0.321879
0.164159
0.681112
0.547166
0.55327
0.657094
0.674184
0.0529496
0.879727
0.249855
0.869167
0.479812
0.768944
0.457595
0.465285
0.496078
0.9176
0.585467
0.862209
0.458052
0.0911283
0.333628
0.469527
0.106021
0.661092
0.310648
0.792108
0.433912
0.620808
0.111332
0.821528
0.639119
0.360851
0.114994
0.265938
0.558763
0.985778
0.661031
0.648701
0.498276
0.452651
0.7575
0.807489
0.859157
0.313578
0.979125
0.82519
0.471328
0.342601
0.711142
0.92346
0.0374157
0.829005
0.395062
0.350658
0.594195
0.817408
0.932524
0.795038
0.397778
0.0767846
0.903623
0.354411
0.139317
0.0791955
0.756157
0.594226
0.896695
0.769311
0.621601
0.724143
0.728843
0.406201
0.914274
0.425367
0.31901
0.259133
0.370098
0.359752
0.572924
0.437391
0.681112
0.891385
0.578539
0.636799
0.381512
0.0525224
0.833064
0
0
0.0829188
0.142582
0.285226
0.143956
0.453383
0.131443
0.988891
0.110202
0.0592364
0.590838
0.406415
0.589526
0.0681783
0.295846
0.879208
0.0583209
0.0492264
0.0436415
0.00228889
0.270791
0.621479
0.833033
0.711844
0.12244
0.48732
0.889126
0.834529
0.125553
0.631947
0.190649
0.132023
0.401959
0.969726
0.655019
0.370373
0.599506
0.21952
0.637837
0.445845
0.639027
0.289499
0.90347
0.0992462
0.697073
0.953032
0.722129
0.248909
0.331767
0.0968047
0.250435
0.474136
0.15714
0.322703
0.851497
0.680471
0.972625
0.184057
0.510269
0.477767
0.753929
0.83813
0.00143437
0.302286
0.411481
0.395917
0.965148
0.814356
0.722648
0.750481
0.547075
0.602496
0.344096
0.164678
0.759697
0.72573
0.310404
0.400555
0.219977
0.124516
0.925382
0.670278
0.420545
0.432844
0.451918
0.191229
0.190344
0.221015
0.507523
0.625477
0.500809
0.202216
0.57033
0.185247
0.274087
0.432691
0.503464
0.686056
0.349559
0.0373547
0.502853
0
0
0.327708
0.264657
0.492325
0.375103
0.485885
0.00643941
0.995025
0.551866
0.293863
0.390271
0.953612
0.746574
0.29722
0.221259
0.126713
0.660268
0.961699
0.89584
0.445021
0.642384
0.315744
0.598346
0.0452284
0.712699
0.509568
0.750053
0.548845
0.85107
0.570757
0.866176
0.115787
0.960936
0.139012
0.47734
0.304971
0.413007
0.460341
0.27192
0.272622
0.574969
0.422254
0.115055
0.339824
0.234077
0.911496
0.101047
0.460372
0.318552
0.27485
0.295267
0.620319
0.823817
0.165258
0.321604
0.7004
0.35023
0.553453
0.45201
0.832667
0.158513
0.187078
0.354045
0.782342
0.148839
0.278359
0.153172
0.386425
0.669881
0.70159
0.965575
0.580309
0.564531
0.481307
0.557695
0.0432447
0.357921
0.853145
0.289621
0.994537
0.994415
0.677938
0.997345
0.170965
0.0295114
0.490707
0.970733
0.517594
0.68337
0.965636
0.68395
0.622272
0.66155
0.0781579
0.433576
0.425886
0.149846
0.746025
0.541429
0.238868
0.889187
0
0
0.229408
0.277963
0.596026
0.736656
0.0727866
0.162725
0.980163
0.619312
0.868557
0.798029
0.946287
0.286691
0.624256
0.891903
0.677297
0.768578
0.0149236
0.626942
0.502884
0.943815
0.300943
0.0310373
0.412061
0.126896
0.193518
0.506394
0.091586
0.0784326
0.448439
0.172582
0.520737
0.345561
0.469832
0.181097
0.653981
0.338633
0.704825
0.656026
0.222999
0.0506607
0.110263
0.418439
0.188849
0.825556
0.473464
0.15009
0.875912
0.0812403
0.867122
0.152806
0.318644
0.394452
0.0206915
0.359813
0.852687
0.852718
0.888852
0.755303
0.480941
0.0803858
0.19837
0.858455
0.0467544
0.844966
0.255135
0.428144
0.744713
0.649037
0.79162
0.0446181
0.000579852
0.215766
0.13715
0.724387
0.251839
0.272347
0.491409
0.224342
0.659566
0.539109
0.582659
0.192145
0.283486
0.329539
0.492233
0.817896
0.750969
0.668325
0.926084
0.144414
0.951537
0.332713
0.714835
0.692007
0.787866
0.724479
0.823817
0.553545
0.514878
0.977691
0
0
0.653798
0.616932
0.697897
0.20954
0.914304
0.0705588
0.320994
0.319742
0.850215
0.848292
0.0773644
0.244881
0.103183
0.169958
0.372265
0.0744957
0.989288
0.834254
0.070101
0.934355
0.473464
0.419172
0.517289
0.0436109
0.623066
0.0475478
0.871242
0.852535
0.820673
0.872921
0.267495
0.665609
0.518174
0.942442
0.856197
0.658254
0.813044
0.593005
0.238411
0.69158
0.628224
0.0367748
0.334666
0.832667
0.776635
0.292611
0.216041
0.986023
0.691733
0.119114
0.929472
0.542589
0.105441
0.106082
0.848415
0.452651
0.454543
0.580584
0.58034
0.628803
0.296731
0.48323
0.961821
0.0851466
0.517747
0.872036
0.172979
0.719321
0.61095
0.208899
0.502335
0.142949
0.810114
0.0860012
0.793023
0.467666
0.357097
0.547655
0.102206
0.45201
0.685781
0.66393
0.604663
0.916196
0.802759
0.513108
0.271279
0.830561
0.647053
0.227851
0.354839
0.984222
0.70925
0.262642
0.213263
0.639912
0.691885
0.537736
0.50206
0.0814844
0
0
0.491897
0.616779
0.267312
0.460341
0.286691
0.573382
0.970214
0.846492
0.00503555
0.703818
0.974395
0.89169
0.963897
0.741417
0.527604
0.00943022
0.952361
0.729301
0.768578
0.479263
0.544511
0.207404
0.790765
0.380871
0.921781
0.870571
0.293588
0.764641
0.986145
0.352947
0.85342
0.964782
0.0459304
0.296335
0.344157
0.461257
0.855129
0.357463
0.540361
0.196875
0.287088
0.311167
0.432386
0.755486
0.424696
0.905515
0.286386
0.307993
0.347423
0.624989
0.979247
0.732139
0.397229
0.0185247
0.640217
0.81225
0.204047
0.747703
0.130772
0.925443
0.252235
0.0122074
0.393262
0.120304
0.269417
0.508591
0.199896
0.99469
0.218757
0.578234
0.33375
0.277871
0.176122
0.701041
0.732353
0.525071
0.873165
0.991394
0.625446
0.828669
0.187445
0.851863
0.19837
0.953612
0.361705
0.441694
0.811701
0.802942
0.232154
0.11594
0.309091
0.619587
0.248329
0.491348
0.444166
0.830653
0.564928
0.295785
0.957823
0.940642
0
0
0.987243
0.656758
0.336985
0.379742
0.0513321
0.985992
0.786584
0.713431
0.0204169
0.115543
0.445418
0.119541
0.0781274
0.842738
0.377453
0.539445
0.500626
0.538713
0.369884
0.408887
0.0883206
0.978515
0.0689108
0.375683
0.638691
0.0474563
0.484878
0.909452
0.741325
0.481368
0.397473
0.210578
0.676382
0.29548
0.692892
0.324076
0.698111
0.0597247
0.163732
0.864742
0.483993
0.67571
0.803156
0.260018
0.0314646
0.811731
0.124088
0.916654
0.783044
0.652547
0.535722
0.217231
0.261086
0.119755
0.307077
0.753533
0.993896
0.218879
0.150395
0.701712
0.0136418
0.670095
0.95465
0.747124
0.708365
0.478011
0.700491
0.463576
0.308084
0.5974
0.0886258
0.554399
0.7875
0.35078
0.911771
0.860653
0.465651
0.754204
0.702292
0.543474
0.0841701
0.407514
0.686453
0.346416
0.645253
0.10538
0.576525
0.344188
0.790704
0.82519
0.232002
0.0836207
0.00326548
0.247963
0.721366
0.524094
0.411512
0.469283
0.81518
0.682363
0
0
0.479141
0.055269
0.442396
0.389141
0.360881
0.100986
0.14069
0.0632649
0.205145
0.44676
0.0321055
0.909421
0.185492
0.709128
0.355449
0.446089
0.541765
0.282388
0.0864284
0.769982
0.412183
0.967193
0.677206
0.462722
0.737815
0.382214
0.445936
0.546678
0.0204474
0.815424
0.648457
0.395611
0.215461
0.670888
0.762383
0.00686666
0.54033
0.167791
0.0155339
0.541002
0.480667
0.447279
0.690085
0.535234
0.774804
0.744133
0.232459
0.697134
0.65801
0.778863
0.702353
0.684469
0.147649
0.0269478
0.589709
0.777703
0.651051
0.0212714
0.532884
0.851253
0.676107
0.343791
0.9682
0.549974
0.927488
0.463057
0.242134
0.0768151
0.568255
0.0738853
0.218238
0.498184
0.929167
0.0948515
0.90878
0.97293
0.446028
0.98056
0.163427
0.811731
0.107395
0.504227
0.945982
0.772485
0.192694
0.667867
0.22956
0.498489
0.583087
0.894986
0.0430311
0.505387
0.42552
0.16303
0.698447
0.623157
0.431745
0.231819
0.73159
0.299387
0
0
0.593341
0.623249
0.586871
0.6704
0.593829
0.509873
0.577136
0.80575
0.699484
0.167608
0.150548
0.0332347
0.409803
0.149174
0.9953
0.750053
0.649098
0.834468
0.0130314
0.626362
0.780297
0.514237
0.693411
0.60802
0.222083
0.663106
0.919523
0.624195
0.951262
0.558489
0.736839
0.406293
0.670553
0.901059
0.115818
0.324503
0.924192
0.593951
0.240303
0.648213
0.941618
0.335917
0.352275
0.136387
0.491195
0.185644
0.68453
0.364513
0.524918
0.752617
0.51265
0.693747
0.89523
0.17127
0.857295
0.289224
0.925443
0.515091
0.868038
0.0933866
0.115085
0.805567
0.420179
0.160436
0.76104
0.273751
0.955748
0.258583
0.775903
0.0298776
0.099765
0.146031
0.485153
0.797204
0.0832545
0.427045
0.683859
0.866848
0.504135
0.394421
0.734458
0.92935
0.457106
0.764397
0.986724
0.939665
0.564226
0.71044
0.301431
0.671407
0.936766
0.102298
0.958739
0.116886
0.600238
0.35609
0.732261
0.389111
0.413526
0.802026
0
0
0.410932
0.281838
0.013123
0.976257
0.54912
0.144475
0.814508
0.742393
0.726341
0.227088
0.600879
0.649617
0.0982391
0.152989
0.731498
0.433241
0.519852
0.674062
0.500015
0.0642415
0.022187
0.365703
0.674795
0.25367
0.923765
0.417524
0.751915
0.818598
0.35783
0.176
0.9523
0.815394
0.497543
0.595203
0.494339
0.847133
0.258766
0.251991
0.173162
0.450819
0.76339
0.0821558
0.777734
0.971129
0.34312
0.49321
0.376995
0.826563
0.366008
0.0104678
0.00665304
0.574541
0.666128
0.112827
0.787469
0.68157
0.858089
0.413739
0.00625629
0.404675
0.317759
0.844722
0.191412
0.690512
0.110141
0.996521
0.713553
0.498123
0.645589
0.275277
0.942747
0.451979
0.346019
0.028901
0.493912
0.231269
0.102145
0.300729
0.591174
0.601764
0.802759
0.366161
0.0824915
0.496414
0.717765
0.708975
0.136326
0.0512101
0.0158391
0.593097
0.150639
0.00228889
0.198218
0.886624
0.906583
0.350505
0.729484
0.29368
0.497177
0.700003
0
0
0.647328
0.651112
0.0628681
0.176763
0.431562
0.44557
0.864925
0.333628
0.91464
0.207709
0.727775
0.94763
0.513932
0.939604
0.382092
0.116276
0.568041
0.231483
0.739219
0.559221
0.0574969
0.224403
0.628681
0.530625
0.491592
0.0744652
0.029603
0.249702
0.2425
0.075808
0.32786
0.254769
0.107913
0.0975066
0.629536
0.58739
0.383496
0.491501
0.662435
0.21305
0.226081
0.127415
0.296762
0.584094
0.589587
0.710532
0.216132
0.751793
0.514084
0.0390637
0.770226
0.933348
0.0496536
0.357677
0.540208
0.940123
0.596606
0.462203
0.648671
0.37373
0.942442
0.713248
0.344554
0.995697
0.777703
0.613727
0.894925
0.177221
0.971618
0.107425
0.314493
0.835536
0.388348
0.254494
0.964507
0.762383
0.526139
0.439894
0.551775
0.751762
0.759209
0.771569
0.559618
0.432569
0.465255
0.824244
0.641316
0.212439
0.818201
0.385052
0.00814844
0.239387
0.528703
0.357616
0.342448
0.787255
0.31312
0.48027
0.267464
0.970977
0
0
0.371929
0.0152593
0.905301
0.198401
0.659505
0.0647298
0.553392
0.264962
0.226081
0.669973
0.0122379
0.496353
0.413068
0.350139
0.594012
0.847224
0.183355
0.23661
0.344401
0.360546
0.367473
0.459456
0.508682
0.894833
0.107059
0.941801
0.772912
0.525224
0.276894
0.25895
0.311899
0.52443
0.166692
0.718192
0.175298
0.330271
0.203833
0.315226
0.0422376
0.40556
0.998352
0.724265
0.877102
0.396954
0.491562
0.977172
0.516221
0.498856
0.489456
0.988678
0.71804
0.428602
0.36195
0.583117
0.707144
0.91937
0.189459
0.179846
0.743584
0.13657
0.138066
0.792779
0.749168
0.924894
0.344523
0.500595
0.521256
0.290902
0.0918607
0.0442518
0.566088
0.0291452
0.557939
0.70745
0.0820948
0.896176
0.916745
0.136296
0.125278
0.240181
0.0751671
0.255348
0.487075
0.49208
0.825282
0.934996
0.31666
0.423566
0.694113
0.567186
0.0184332
0.579608
0.271889
0.205939
0.456404
0.790674
0.300088
0.428175
0.996185
0.171392
0
0
0.300455
0.57149
0.41615
0.511948
0.0262154
0.50557
0.219337
0.467849
0.517014
0.592456
0.376598
0.455336
0.0383618
0.993072
0.0326243
0.657674
0.687399
0.97528
0.20661
0.0493179
0.945463
0.380383
0.0176092
0.843776
0.959807
0.90408
0.467147
0.271432
0.834498
0.34785
0.309214
0.094058
0.712638
0.497696
0.0399182
0.761437
0.930845
0.785821
0.537095
0.617176
0.0270089
0.391705
0.381664
0.0594806
0.883267
0.939268
0.392071
0.0632649
0.784478
0.445418
0.402692
0.969726
0.674245
0.677328
0.817591
0.949858
0.389569
0.57387
0.971038
0.0481277
0.154942
0.887814
0.825922
0.212439
0.11771
0.704978
0.0412305
0.216315
0.205542
0.996734
0.939909
0.88052
0.0875576
0.861538
0.408338
0.499283
0.520218
0.612812
0.25898
0.87814
0.858943
0.368145
0.0867031
0.889096
0.0173956
0.297098
0.150914
0.949828
0.655202
0.183355
0.314005
0.332926
0.875057
0.457442
0.56798
0.711356
0.211219
0.35667
0.180029
0.846583
0
0
0.190466
0.367962
0.988525
0.825465
0.245827
0.610523
0.880703
0.752434
0.265847
0.31373
0.983215
0.302622
0.559465
0.0473952
0.596851
0.0430006
0.518204
0.860103
0.406568
0.926969
0.756951
0.981842
0.998321
0.869198
0.0144658
0.247444
0.213385
0.806879
0.59505
0.897336
0.3726
0.153386
0.631947
0.910611
0.900021
0.0509049
0.955168
0.528581
0.379009
0.327952
0.843135
0.123295
0.570849
0.568499
0.441023
0.068392
0.427473
0.19837
0.126011
0.767937
0.629749
0.995788
0.601276
0.499771
0.682333
0.931608
0.999359
0.229774
0.0963775
0.74633
0.777154
0.0527665
0.691427
0.169286
0.682577
0.416822
0.547685
0.186987
0.575182
0.786859
0.639943
0.266182
0.381146
0.904141
0.684286
0.938688
0.964782
0.297586
0.229225
0.653279
0.196631
0.203406
0.521836
0.301981
0.000915555
0.548967
0.180822
0.32606
0.661916
0.157537
0.207404
0.808252
0.17188
0.830134
0.365307
0.457991
0.901212
0.460128
0.461074
0.895108
0
0
0.371715
0.837733
0.55623
0.138646
0.415357
0.299966
0.642109
0.707327
0.498123
0.882717
0.808985
0.237007
0.492019
0.13068
0.440474
0.0226142
0.674917
0.222419
0.464705
0.389721
0.240638
0.565203
0.193213
0.302469
0.0997955
0.517716
0.779229
0.114444
0.252846
0.395245
0.825983
0.867824
0.516984
0.414838
0.176977
0.0480972
0.887387
0.735893
0.419172
0.199866
0.314798
0.252632
0.129856
0.31019
0.180303
0.295144
0.399609
0.365917
0.248482
0.894436
0.661184
0.990997
0.380383
0.768456
0.356792
0.570086
0.787713
0.68508
0.474471
0.764855
0.108921
0.358165
0.48439
0.829096
0.0892361
0.533097
0.707541
0.62862
0.145085
0.418165
0.646565
0.773064
0.594714
0.117649
0.311289
0.764702
0.836055
0.223334
0.0693991
0.571398
0.253121
0.220466
0.0536821
0.529527
0.132145
0.864162
0.657369
0.983367
0.368664
0.183081
0.148503
0.566729
0.246986
0.266121
0.93469
0.533952
0.0731834
0.488662
0.509445
0.0454115
0
0
0.942686
0.334361
0.611652
0.814814
0.424024
0.469161
0.628895
0.0235908
0.439924
0.223182
0.776269
0.909787
0.126591
0.137333
0.0819117
0.936277
0.953185
0.730552
0.71041
0.94586
0.881985
0.143773
0.65511
0.208747
0.850917
0.817621
0.331309
0.768853
0.359661
0.858882
0.100497
0.995117
0.440535
0.253273
0.258065
0.744285
0.795221
0.579913
0.514542
0.0412305
0.378857
0.38377
0.502884
0.683096
0.212836
0.863094
0.341868
0.67333
0.707022
0.0270089
0.787622
0.892422
0.273171
0.98056
0.00430311
0.910916
0.510697
0.492355
0.485122
0.35139
0.745781
0.502396
0.154851
0.705435
0.205298
0.724967
0.185583
0.0119327
0.606922
0.0037843
0.556383
0.303232
0.44612
0.575427
0.88815
0.224586
0.762169
0.896908
0.585681
0.734153
0.663472
0.19422
0.817042
0.289102
0.394116
0.38789
0.362377
0.424451
0.222755
0.551347
0.863155
0.130436
0.934935
0.55916
0.502762
0.935423
0.209906
0.0807215
0.65041
0.0994903
0
0
0.664083
0.576098
0.498764
0.826441
0.841182
0.449812
0.22721
0.89877
0.931059
0.0193487
0.721824
0.643361
0.498489
0.454146
0.382824
0.633229
0.0028077
0.341716
0.0517594
0.0317698
0.389691
0.0368358
0.588641
0.986175
0.536699
0.45024
0.130802
0.975341
0.833461
0.433088
0.564837
0.519852
0.677908
0.413221
0.242347
0.158879
0.169652
0.439772
0.471541
0.101321
0.782189
0.292184
0.814997
0.456893
0.294412
0.809931
0.725516
0.453352
0.763604
0.0990631
0.551286
0.546709
0.820276
0.772301
0.441176
0.82989
0.0669576
0.878109
0.181829
0.646779
0.861385
0.675863
0.497452
0.817194
0.265786
0.9129
0.84405
0.379955
0.443617
0.759423
0.228767
0.259346
0.284616
0.0584429
0.0860927
0.761895
0.53975
0.0459609
0.741783
0.309275
0.246986
0.198279
0.495926
0.314097
0.729637
0.362468
0.856594
0.604266
0.947905
0.82635
0.954894
0.302438
0.485336
0.484115
0.673147
0.566973
0.951445
0.754051
0.516953
0.100253
0
0
0.0812098
0.404096
0.762841
0.83108
0.313608
0.942381
0.912442
0.676778
0.129276
0.727989
0.98468
0.792108
0.929868
0.458937
0.676962
0.210273
0.739128
0.193304
0.926847
0.283181
0.507797
0.559832
0.905332
0.826472
0.303171
0.314097
0.973022
0.375896
0.164739
0.896908
0.630482
0.461654
0.90698
0.150426
0.993866
0.305979
0.650594
0.849513
0.827357
0.851222
0.364025
0.202857
0.66335
0.524094
0.195196
0.981872
0.0418409
0.642659
0.876278
0.432112
0.40022
0.871761
0.981323
0.624775
0.644673
0.634022
0.319102
0.403424
0.934416
0.881893
0.241951
0.582904
0.710227
0.137181
0.151494
0.556291
0.498276
0.204779
0.983367
0.966613
0.520585
0.466079
0.951262
0.598804
0.64333
0.158849
0.332377
0.149113
0.694418
0.549944
0.574969
0.0272835
0.681356
0.406354
0.509323
0.848537
0.940794
0.671743
0.943541
0.770867
0.750908
0.754143
0.425459
0.334758
0.438093
0.331248
0.451888
0.960784
0.508774
0.0795618
0
0
0.905881
0.761681
0.838099
0.233558
0.0044557
0.825221
0.446333
0.381207
0.536912
0.624073
0.89465
0.402142
0.675314
0.70867
0.830988
0.954619
0.13889
0.339732
0.717734
0.417341
0.993042
0.216407
0.272408
0.693075
0.863979
0.95645
0.652242
0.779412
0.851253
0.484237
0.914274
0.513535
0.918424
0.984008
0.782067
0.397046
0.0434889
0.572802
0.250343
0.907193
0.910611
0.351268
0.0587787
0.200476
0.423566
0.987182
0.566118
0.615406
0.823511
0.488296
0.0557878
0.879879
0.690573
0.321451
0.00497452
0.430403
0.612384
0.533128
0.347026
0.748527
0.799097
0.0283212
0.259896
0.121158
0.427442
0.664083
0.510941
0.731223
0.994354
0.313425
0.889615
0.484115
0.461501
0.556566
0.759392
0.477401
0.472396
0.155004
0.260079
0.518845
0.422651
0.965361
0.191626
0.599628
0.665273
0.4485
0.110996
0.729087
0.631886
0.431288
0.673116
0.0366833
0.151097
0.275857
0.747093
0.548265
0.74572
0.113681
0.339396
0.541948
0
0
0.189245
0.300302
0.854549
0.890561
0.103946
0.747063
0.725181
0.29664
0.880612
0.285745
0.942442
0.82635
0.702292
0.723289
0.517991
0.648152
0.952574
0.741356
0.40907
0.383251
0.789911
0.298654
0.937346
0.973266
0.169256
0.69097
0.233528
0.471816
0.0921964
0.925871
0.738426
0.666433
0.366802
0.567888
0.29191
0.936338
0.658498
0.71102
0.841151
0.253151
0.113285
0.234077
0.298898
0.730491
0.334483
0.995758
0.583972
0.628193
0.994079
0.125034
0.374004
0.21836
0.860164
0.0641194
0.602893
0.418775
0.521805
0.519028
0.2331
0.600055
0.592212
0.974853
0.335185
0.473067
0.671743
0.931791
0.00473037
0.462478
0.851924
0.518082
0.148564
0.47319
0.0417798
0.636006
0.671621
0.455184
0.897641
0.297617
0.094882
0.673818
0.637684
0.305887
0.136967
0.0911283
0.522538
0.937986
0.289102
0.765191
0.283151
0.786615
0.916013
0.672506
0.277169
0.41615
0.913175
0.861507
0.65508
0.988983
0.452162
0.34135
0
0
0.317301
0.519028
0.844997
0.614215
0.943693
0.90875
0.0587787
0.255562
0.87637
0.425062
0.912351
0.45027
0.137547
0.771447
0.485275
0.889523
0.363231
0.411573
0.771661
0.935484
0.934049
0.301614
0.108585
0.459914
0.084872
0.686605
0.41203
0.262612
0.274117
0.117557
0.749748
0.476516
0.593951
0.345988
0.284127
0.864925
0.502792
0.250801
0.114994
0.417982
0.661519
0.455489
0.0540788
0.154118
0.154118
0.79049
0.862545
0.53267
0.874722
0.257698
0.982391
0.384075
0.361431
0.653157
0.293619
0.764275
0.859279
0.504135
0.927732
0.63863
0.892392
0.477065
0.669179
0.802759
0.127384
0.912259
0.976043
0.94528
0.809259
0.641896
0.151036
0.260079
0.550249
0.74749
0.694296
0.513169
0.754021
0.413068
0.368603
0.971007
0.455611
0.530259
0.00946074
0.0964995
0.858547
0.211524
0.609943
0.418806
0.350627
0.868068
0.712455
0.482925
0.279611
0.00808741
0.638417
0.286111
0.269478
0.412427
0.586901
0.10651
0
0
0.359355
0.843013
0.133946
0.130711
0.745872
0.941008
0.163182
0.786401
0.410138
0.470534
0.759606
0.186254
0.410871
0.564501
0.0972625
0.589709
0.12479
0.128422
0.852748
0.288064
0.215461
0.0589007
0.174657
0.820154
0.611896
0.4326
0.741722
0.924009
0.278237
0.322336
0.939329
0.131138
0.0557268
0.396374
0.687002
0.410047
0.358043
0.957121
0.947417
0.764092
0.00158696
0.575365
0.447829
0.191351
0.951689
0.976867
0.646443
0.91171
0.265938
0.33668
0.473434
0.2678
0.0164495
0.638417
0.879086
0.206214
0.47145
0.2537
0.719565
0.744865
0.317972
0.39903
0.0119633
0.332835
0.20716
0.625538
0.0897549
0.509415
0.402661
0.998291
0.689749
0.767815
0.813868
0.121372
0.501968
0.0304575
0.195471
0.665029
0.213843
0.641835
0.79397
0.550401
0.579699
0.284982
0.222663
0.449629
0.546617
0.728324
0.846828
0.755913
0.968688
0.808618
0.459273
0.680898
0.93994
0.556597
0.528794
0.635151
0.277993
0.871487
0
0
0.801782
0.548082
0.189245
0.650349
0.53856
0.28367
0.646809
0.779077
0.16596
0.807978
0.51265
0.890774
0.627033
0.264931
0.935453
0.297891
0.209326
0.61681
0.054445
0.00479141
0.132756
0.00482192
0.542009
0.206244
0.678884
0.487472
0.0143742
0.178625
0.141942
0.311258
0.843776
0.970122
0.383801
0.371471
0.401318
0.795709
0.273537
0.0184637
0.263466
0.54384
0.793023
0.865871
0.412214
0.300241
0.0896329
0.75692
0.960814
0.295999
0.257881
0.545427
0.43611
0.185339
0.130345
0.847438
0.148808
0.0600909
0.859951
0.419599
0.682943
0.106357
0.574175
0.321055
0.0353404
0.310404
0.883358
0.514573
0.437452
0.119175
0.523026
0.0633869
0.389294
0.462691
0.91287
0.580248
0.938169
0.0434278
0.912503
0.0841701
0.732231
0.300088
0.556139
0.92233
0.881222
0.950896
0.0468154
0.911893
0.154607
0.523759
0.791681
0.359355
0.549272
0.778619
0.759362
0.113071
0.757286
0.428785
0.941313
0.304758
0.565508
0.0673238
0
0
0.197394
0.937193
0.717948
0.704856
0.267891
0.973754
0.272378
0.824702
0.232521
0.0858486
0.982391
0.362133
0.198035
0.715476
0.73574
0.513565
0.495743
0.607562
0.581072
0.782037
0.169683
0.470077
0.373424
0.165258
0.0375683
0.91702
0.570391
0.89285
0.10474
0.350658
0.20954
0.617908
0.613269
0.93994
0.5992
0.470717
0.506821
0.350322
0.753075
0.879604
0.592975
0.382305
0.100162
0.565416
0.183874
0.174139
0.501877
0.616779
0.496811
0.125156
0.106143
0.0509354
0.595782
0.196356
0.0716575
0.767602
0.155126
0.743889
0.691671
0.301462
0.827082
0.542222
0.949889
0.279916
0.493576
0.152898
0.0392163
0.992035
0.184576
0.295206
0.874508
0.974975
0.943327
0.375164
0.130772
0.0244148
0.420118
0.828883
0.838069
0.535203
0.47615
0.436628
0.0641499
0.577837
0.57799
0.263985
0.716514
0.61803
0.264657
0.385907
0.994446
0.284768
0.46791
0.0505387
0.523118
0.0936918
0.967467
0.438673
0.700339
0.531693
0
0
0
0
0
0
0
0
0
0
0
0
0
0
0
0
0
0
0
0
0
0
0
0
0
0
0
0
0
0
0
0
0
0
0
0
0
0
0
0
0
0
0
0
0
0
0
0
0
0
0
0
0
0
0
0
0
0
0
0
0
0
0
0
0
0
0
0
0
0
0
0
0
0
0
0
0
0
0
0
0
0
0
0
0
0
0
0
0
0
0
0
0
0
0
0
0
0
0
0
0
0
0
